7956 1
9637 1
5442 1
8892 1
9218 1
7567 1
8135 1
7665 1
9206 1
9515 1
9793 1
7973 1
9456 1
7993 1
6520 1
4484 1
9922 1
7529 1
5834 1
10145 1
8728 1
8286 1
9498 1
4534 1
8117 1
9646 1
6173 1
10142 1
10267 1
8679 1
7893 1
7676 1
6225 1
8321 1
8550 1
7656 1
6339 1
8029 1
9868 1
7591 1
7916 1
9638 1
7811 1
8284 1
10090 1
10183 1
9750 1
8119 1
5614 1
8171 1
9430 1
9721 1
7370 1
8063 1
9042 1
8123 1
9552 1
6195 1
8630 1
9876 1
9381 1
5388 1
8837 1
7922 1
8765 1
3696 1
9134 1
9459 1
10210 1
9361 1
9585 1
9470 1
8508 1
8577 1
8253 1
7801 1
9701 1
8193 1
8148 1
9368 1
6365 1
7682 1
7200 1
8500 1
7828 1
9363 1
8460 1
5148 1
9982 1
9183 1
7982 1
8483 1
9048 1
5182 1
5819 1
9143 1
8586 1
6784 1
10130 1
9525 1
8795 1
5554 1
9826 1
7724 1
7751 1
9477 1
2588 1
8706 1
5316 1
9903 1
9616 1
9920 1
8567 1
9717 1
7853 1
9412 1
5634 1
7277 1
8561 1
8636 1
6775 1
7687 1
8295 1
8167 1
6845 1
7596 1
8128 1
5475 1
10245 1
9838 1
3992 1
10061 1
2097 1
8686 1
6517 1
7111 1
9222 1
8188 1
9129 1
4713 1
5922 1
8619 1
5193 1
5629 1
9220 1
5223 1
9119 1
9810 1
7630 1
8479 1
9735 1
10072 1
6980 1
9385 1
4844 1
9168 1
8436 1
7760 1
7121 1
9084 1
8775 1
8231 1
8924 1
8806 1
9727 1
8420 1
9186 1
3722 1
9938 1
6306 1
10149 1
5200 1
6936 1
9519 1
8785 1
9095 1
8216 1
10171 1
7629 1
6749 1
8305 1
9336 1
6157 1
8399 1
6080 1
5128 1
7754 1
7650 1
10127 1
7564 1
6362 1
7356 1
7509 1
8498 1
6577 1
10246 1
8327 1
9910 1
5842 1
9447 1
8988 1
7781 1
8884 1
7552 1
8871 1
7086 1
5865 1
7341 1
7470 1
9014 1
7525 1
8398 1
7692 1
9748 1
8615 1
10160 1
9408 1
10163 1
8935 1
7778 1
7251 1
9621 1
8457 1
9323 1
7404 1
6909 1
10129 1
5782 1
9199 1
9328 1
6415 1
8180 1
4300 1
7593 1
9188 1
8780 1
8791 1
5620 1
8179 1
6019 1
7722 1
6308 1
6760 1
9454 1
8392 1
9313 1
9306 1
10280 1
6089 1
6431 1
9806 1
9005 1
9131 1
9741 1
10084 1
6117 1
8576 1
8173 1
9354 1
8397 1
6128 1
7570 1
4034 1
9590 1
9788 1
9019 1
7582 1
8985 1
10172 1
9669 1
7538 1
8408 1
5306 1
5349 1
9480 1
9308 1
9725 1
5480 1
8929 1
6810 1
5798 1
10016 1
8458 1
9159 1
9116 1
7073 1
9999 1
6093 1
8113 1
6214 1
7942 1
9553 1
9680 1
8199 1
5037 1
9169 1
8794 1
5846 1
5892 1
7646 1
9954 1
10278 1
9615 1
9112 1
9030 1
5313 1
7437 1
6171 1
10235 1
4547 1
7894 1
9970 1
9502 1
8292 1
7290 1
10239 1
9028 1
8419 1
8524 1
5888 1
4674 1
8246 1
8396 1
8918 1
7099 1
5482 1
6346 1
8921 1
9133 1
9924 1
7784 1
6378 1
7670 1
7767 1
9353 1
7609 1
9583 1
10114 1
10196 1
9930 1
3494 1
8818 1
7154 1
6610 1
6404 1
6155 1
10164 1
8068 1
7153 1
6730 1
9501 1
9303 1
9582 1
8823 1
5270 1
3922 1
7428 1
8229 1
7716 1
7135 1
8076 1
7575 1
4686 1
9892 1
5652 1
9275 1
4145 1
9860 1
10215 1
8134 1
5450 1
7315 1
8404 1
6986 1
8632 1
5575 1
9310 1
10009 1
10184 1
10094 1
9391 1
8037 1
6331 1
9901 1
6710 1
6895 1
9696 1
8759 1
8107 1
8024 1
8555 1
9489 1
6853 1
9584 1
9406 1
6145 1
8707 1
9956 1
8688 1
10181 1
8998 1
8515 1
7848 1
2533 1
5144 1
8603 1
9779 1
9101 1
7526 1
7998 1
5871 1
9550 1
5236 1
7114 1
9184 1
9056 1
8897 1
8007 1
9011 1
9653 1
9357 1
8601 1
7469 1
7517 1
4110 1
9043 1
8294 1
4933 1
7964 1
8781 1
8388 1
2309 1
1815 1
8423 1
3599 1
9726 1
8331 1
5935 1
5267 1
5546 1
7171 1
9276 1
7771 1
8993 1
6474 1
8747 1
7947 1
7202 1
9808 1
10035 1
8055 1
9389 1
9326 1
4999 1
3544 1
9867 1
7980 1
7189 1
8077 1
9570 1
8981 1
9204 1
3492 1
6291 1
7827 1
7913 1
5292 1
7198 1
7197 1
5773 1
9200 1
8385 1
5823 1
7783 1
8406 1
7602 1
9344 1
5975 1
8000 1
8526 1
7989 1
5664 1
5343 1
5336 1
7093 1
8900 1
3881 1
3497 1
7899 1
9248 1
6255 1
5496 1
9689 1
2258 1
8606 1
7983 1
8968 1
6776 1
9490 1
9755 1
6952 1
10075 1
8079 1
8799 1
4942 1
9471 1
10040 1
8574 1
6344 1
5951 1
8758 1
8035 1
8591 1
7413 1
5648 1
6420 1
8052 1
7839 1
9714 1
8049 1
8579 1
7774 1
8260 1
7927 1
9905 1
8609 1
7979 1
10122 1
6289 1
9632 1
5379 1
6320 1
8313 1
9530 1
8384 1
5818 1
6892 1
7406 1
10243 1
10076 1
8703 1
9556 1
10047 1
9155 1
8428 1
5563 1
6769 1
9264 1
9231 1
4684 1
8869 1
5804 1
4406 1
8168 1
8895 1
6558 1
7744 1
8731 1
7566 1
8788 1
8714 1
8528 1
5904 1
8241 1
5878 1
9915 1
8237 1
4791 1
9668 1
6748 1
9996 1
8157 1
9166 1
7741 1
5668 1
7590 1
4304 1
9418 1
9016 1
9875 1
7936 1
9229 1
8114 1
6797 1
10027 1
8434 1
5599 1
5902 1
5674 1
9798 1
10188 1
7104 1
9974 1
8627 1
5385 1
7096 1
9410 1
7826 1
8983 1
8071 1
7557 1
4013 1
10028 1
8850 1
8129 1
8016 1
10263 1
9057 1
9178 1
8051 1
7050 1
9969 1
8012 1
9972 1
5426 1
9208 1
8242 1
7890 1
9677 1
3774 1
9098 1
6849 1
10189 1
6384 1
4617 1
4363 1
7230 1
8712 1
7813 1
10043 1
8730 1
10101 1
10060 1
5454 1
4704 1
8136 1
5239 1
8697 1
6237 1
4241 1
3799 1
10192 1
6167 1
6910 1
9723 1
7878 1
7681 1
7476 1
9977 1
10006 1
9432 1
6284 1
4770 1
9715 1
7987 1
9758 1
5458 1
6887 1
9654 1
8456 1
8461 1
8631 1
8766 1
8917 1
7938 1
6322 1
8587 1
9007 1
9409 1
8923 1
8980 1
9023 1
8578 1
8710 1
6495 1
6996 1
9362 1
9107 1
5593 1
9861 1
6092 1
7641 1
9054 1
7815 1
9749 1
5557 1
8506 1
9555 1
9837 1
9611 1
6057 1
8914 1
9469 1
5828 1
8755 1
7556 1
8641 1
5014 1
9609 1
4780 1
10080 1
9782 1
8491 1
6835 1
8642 1
10232 1
8941 1
7864 1
9636 1
7518 1
9160 1
7240 1
7401 1
10227 1
7610 1
5793 1
8638 1
10150 1
8111 1
9020 1
8061 1
8316 1
8658 1
8140 1
6886 1
8670 1
8842 1
8309 1
9738 1
7536 1
8925 1
5856 1
7685 1
8501 1
4243 1
9994 1
7124 1
9192 1
6398 1
8367 1
4160 1
6653 1
6608 1
8596 1
8915 1
8906 1
9280 1
8666 1
9767 1
1819 1
3862 1
8662 1
9865 1
10253 1
9036 1
8395 1
7624 1
5155 1
9472 1
9224 1
8194 1
6459 1
7985 1
9672 1
8463 1
5899 1
9771 1
6330 1
7105 1
6369 1
1192 1
10064 1
3715 1
8881 1
6981 1
8745 1
6218 1
6524 1
8165 1
8505 1
6198 1
6107 1
6230 1
9871 1
9522 1
9360 1
9099 1
10134 1
10272 1
6725 1
10255 1
8427 1
6016 1
9564 1
8322 1
8210 1
9124 1
9705 1
8973 1
7822 1
8885 1
9829 1
9051 1
9010 1
9181 1
8058 1
9284 1
10180 1
5832 1
4678 1
6862 1
5012 1
10154 1
4256 1
3747 1
6301 1
8094 1
9981 1
7820 1
9776 1
7601 1
9212 1
10190 1
7635 1
9666 1
9571 1
5510 1
5929 1
8087 1
6318 1
6704 1
6510 1
3260 1
8244 1
9634 1
8597 1
9315 1
6009 1
9259 1
8446 1
8612 1
8783 1
9809 1
8151 1
7946 1
8139 1
9608 1
7852 1
8288 1
8100 1
10030 1
8432 1
9803 1
4598 1
6311 1
8608 1
8933 1
8825 1
7885 1
5408 1
8957 1
8589 1
3164 1
7775 1
8739 1
8108 1
7787 1
5601 1
9602 1
9545 1
9626 1
8844 1
6049 1
7850 1
8546 1
7190 1
8784 1
7769 1
9003 1
9419 1
7587 1
5671 1
8529 1
8014 1
3242 1
8018 1
6902 1
8997 1
7573 1
4768 1
9802 1
6890 1
7499 1
6930 1
7888 1
8154 1
8153 1
8671 1
7924 1
6828 1
4814 1
7393 1
8922 1
7823 1
8086 1
9026 1
6081 1
2667 1
8467 1
5923 1
10213 1
7317 1
8547 1
6101 1
9254 1
7589 1
8084 1
8353 1
9448 1
7698 1
9524 1
6373 1
9916 1
6268 1
9566 1
10207 1
9372 1
10276 1
10085 1
9567 1
8382 1
5863 1
8779 1
5868 1
9424 1
5616 1
6396 1
8583 1
5409 1
7776 1
9967 1
8373 1
9464 1
9659 1
4786 1
7782 1
9804 1
7997 1
10217 1
9941 1
8829 1
8369 1
9025 1
6095 1
5676 1
8421 1
4365 1
5909 1
7618 1
8163 1
8455 1
9739 1
9695 1
5914 1
6502 1
5723 1
6860 1
9691 1
5969 1
8938 1
7652 1
8356 1
10046 1
3977 1
8225 1
9822 1
8223 1
8808 1
9373 1
7735 1
7948 1
8488 1
9546 1
7691 1
7950 1
8343 1
6109 1
7873 1
8709 1
9722 1
9214 1
8226 1
8729 1
5134 1
7170 1
10277 1
7561 1
5278 1
9896 1
9400 1
9050 1
10036 1
10014 1
9398 1
5471 1
8687 1
10231 1
6689 1
8560 1
8273 1
8689 1
9966 1
9100 1
8910 1
4710 1
10248 1
6390 1
8317 1
8634 1
7384 1
8485 1
9517 1
6428 1
3181 1
7101 1
8736 1
9339 1
6615 1
8381 1
7738 1
8682 1
7016 1
5745 1
8075 1
6326 1
6149 1
9167 1
9991 1
8660 1
4263 1
8504 1
9872 1
10112 1
8050 1
8623 1
7580 1
10155 1
6525 1
8496 1
5663 1
4033 1
9282 1
5451 1
5944 1
4994 1
8773 1
8613 1
7495 1
3682 1
7803 1
10107 1
8813 1
9009 1
9945 1
5531 1
8450 1
7220 1
9827 1
5509 1
9857 1
8637 1
7497 1
7560 1
8520 1
10089 1
7766 1
9660 1
7259 1
9926 1
6545 1
7925 1
9444 1
7986 1
8144 1
6425 1
6110 1
7070 1
8429 1
1168 1
8441 1
6585 1
9588 1
8022 1
4216 1
10157 1
6246 1
8044 1
9337 1
10201 1
8901 1
7914 1
8839 1
5598 1
9235 1
8347 1
7845 1
9108 1
7035 1
9148 1
9250 1
8511 1
9516 1
7960 1
8740 1
8047 1
7798 1
4240 1
9073 1
10049 1
8251 1
9066 1
10103 1
7405 1
9542 1
6691 1
8859 1
10051 1
7995 1
7649 1
8723 1
9894 1
9473 1
9863 1
6740 1
9539 1
9819 1
5608 1
6062 1
6484 1
9355 1
10159 1
7926 1
1424 1
9109 1
4414 1
9844 1
9914 1
8448 1
8800 1
9866 1
7274 1
10116 1
7103 1
10222 1
9543 1
5898 1
2809 1
8091 1
8281 1
10054 1
7107 1
7260 1
8267 1
8070 1
4413 1
9958 1
6256 1
8678 1
8585 1
7856 1
5438 1
9027 1
9440 1
9830 1
8543 1
7667 1
10069 1
8831 1
9729 1
9541 1
7931 1
5735 1
9457 1
9369 1
10037 1
6135 1
6684 1
7435 1
7906 1
10131 1
6367 1
8080 1
5677 1
8738 1
6965 1
5353 1
6929 1
7855 1
8984 1
9730 1
8715 1
9818 1
8259 1
7764 1
9431 1
9064 1
7891 1
10228 1
9395 1
10198 1
9171 1
6375 1
5512 1
10224 1
8081 1
9800 1
7736 1
3874 1
8853 1
7818 1
7123 1
8262 1
9952 1
7620 1
9152 1
9492 1
7747 1
7238 1
7991 1
5311 1
8030 1
9724 1
8595 1
9762 1
7954 1
9627 1
8942 1
8057 1
6547 1
8705 1
9024 1
8320 1
5259 1
8558 1
8443 1
6636 1
5411 1
8412 1
10279 1
8927 1
10133 1
7658 1
7723 1
6786 1
9856 1
6348 1
6203 1
7031 1
10251 1
9416 1
8131 1
9300 1
7903 1
9766 1
7645 1
8879 1
7617 1
9455 1
9462 1
7330 1
7742 1
8183 1
7307 1
5981 1
8890 1
9378 1
3675 1
9862 1
2356 1
4452 1
6800 1
5219 1
8271 1
9561 1
7599 1
9560 1
8893 1
8675 1
9662 1
3792 1
8875 1
5416 1
6506 1
7847 1
9086 1
7067 1
9022 1
7531 1
8437 1
10173 1
5203 1
8285 1
6528 1
9265 1
10088 1
9745 1
10067 1
5574 1
8027 1
8261 1
9397 1
8552 1
7339 1
9149 1
9707 1
9753 1
9752 1
4544 1
9446 1
5979 1
4092 1
4443 1
9751 1
9004 1
9177 1
6416 1
8178 1
7424 1
8492 1
8644 1
7332 1
3501 1
7831 1
6108 1
7734 1
5459 1
9478 1
6908 1
10119 1
6394 1
10021 1
6328 1
9453 1
9978 1
4399 1
7417 1
6422 1
8359 1
7672 1
5406 1
8776 1
9948 1
8196 1
9709 1
8112 1
8161 1
8718 1
3033 1
6229 1
9127 1
9260 1
7912 1
7994 1
7952 1
8220 1
8646 1
7371 1
9644 1
9574 1
9506 1
8297 1
3650 1
7324 1
4914 1
8845 1
5404 1
6512 1
7381 1
8141 1
6522 1
8041 1
7623 1
2699 1
8069 1
4726 1
5263 1
7228 1
9247 1
8625 1
9846 1
6017 1
7611 1
5604 1
9392 1
9998 1
9642 1
4993 1
5994 1
9777 1
10008 1
3437 1
6963 1
9465 1
9117 1
7683 1
8629 1
10042 1
8867 1
9102 1
6631 1
5862 1
7301 1
7869 1
7551 1
6597 1
9655 1
2521 1
9180 1
8310 1
4314 1
10063 1
7797 1
9333 1
9575 1
4972 1
5472 1
8299 1
8820 1
7693 1
4990 1
10144 1
5970 1
10111 1
5260 1
4783 1
1639 1
10013 1
6008 1
5264 1
9935 1
9252 1
9656 1
7377 1
6893 1
6389 1
6144 1
9893 1
6349 1
7967 1
2577 1
9091 1
9855 1
9335 1
8224 1
1965 1
7026 1
9466 1
6625 1
6815 1
8864 1
8054 1
6852 1
8769 1
8802 1
7793 1
9923 1
9458 1
7586 1
10096 1
7102 1
10186 1
7824 1
9989 1
2503 1
9370 1
8034 1
8039 1
9799 1
9338 1
6707 1
8611 1
9226 1
8952 1
4210 1
9060 1
9366 1
9106 1
10010 1
10247 1
8028 1
9789 1
8158 1
8803 1
9017 1
4998 1
7910 1
6065 1
9858 1
4604 1
7832 1
9062 1
7510 1
9006 1
7930 1
8639 1
6037 1
4307 1
7628 1
8919 1
5950 1
3443 1
9384 1
9249 1
8004 1
6292 1
8422 1
9720 1
7232 1
9407 1
8176 1
7521 1
7627 1
9900 1
9486 1
8882 1
8387 1
9196 1
4094 1
10019 1
8344 1
8858 1
7229 1
8827 1
9452 1
7527 1
7156 1
3115 1
7415 1
7563 1
9942 1
7217 1
9347 1
8741 1
7970 1
7807 1
10073 1
9549 1
6702 1
9383 1
9040 1
7037 1
8291 1
5461 1
8394 1
6709 1
7809 1
6150 1
7786 1
8159 1
8026 1
8115 1
5959 1
7664 1
8530 1
10120 1
6133 1
3798 1
3493 1
3870 1
7929 1
9279 1
7680 1
6496 1
7715 1
10270 1
8600 1
9927 1
7789 1
10240 1
5532 1
9443 1
9015 1
8969 1
3735 1
8118 1
10194 1
5006 1
8478 1
10165 1
5248 1
3224 1
8556 1
8976 1
10177 1
10070 1
7988 1
8951 1
9775 1
9341 1
4902 1
8444 1
9703 1
9526 1
8570 1
9937 1
5445 1
6336 1
5468 1
10032 1
10233 1
9595 1
8290 1
5436 1
8553 1
3719 1
8648 1
9082 1
8314 1
8440 1
9686 1
7142 1
9780 1
9853 1
9271 1
9437 1
9902 1
9262 1
8772 1
2972 1
9340 1
9692 1
5473 1
7211 1
8793 1
8565 1
7640 1
9688 1
9888 1
9879 1
8762 1
9450 1
9581 1
9037 1
7886 1
8364 1
8122 1
6865 1
9612 1
10137 1
5285 1
8482 1
9547 1
10007 1
5974 1
6950 1
5308 1
8651 1
8078 1
3091 1
7958 1
8306 1
3578 1
8341 1
4180 1
6948 1
10092 1
9986 1
9557 1
8828 1
10200 1
5225 1
8655 1
9817 1
5690 1
9955 1
7726 1
8672 1
6297 1
9551 1
9000 1
6244 1
8761 1
9828 1
8489 1
8814 1
7605 1
8674 1
5513 1
8584 1
8222 1
10147 1
10254 1
8790 1
10074 1
8486 1
7002 1
7711 1
8146 1
9918 1
10218 1
7524 1
6693 1
5891 1
9531 1
8366 1
8202 1
7333 1
8469 1
9693 1
8109 1
6085 1
7758 1
8177 1
7555 1
9263 1
6743 1
9094 1
8175 1
7727 1
6869 1
9503 1
9939 1
6839 1
5250 1
8137 1
2651 1
10097 1
2806 1
10048 1
7011 1
6185 1
6554 1
9403 1
3836 1
5401 1
9520 1
6142 1
6281 1
9761 1
8695 1
8289 1
5487 1
5297 1
5617 1
7700 1
8711 1
8147 1
8970 1
8097 1
8020 1
5667 1
8125 1
5287 1
8150 1
8588 1
8899 1
9496 1
9960 1
8370 1
8454 1
8756 1
9367 1
7866 1
9820 1
4049 1
10152 1
10113 1
8807 1
3961 1
8181 1
7507 1
9255 1
9605 1
9150 1
8605 1
7643 1
9237 1
10161 1
9699 1
8696 1
7907 1
7490 1
5586 1
9203 1
7871 1
2830 1
3333 1
7835 1
5358 1
8361 1
6666 1
9993 1
7354 1
8390 1
9835 1
9104 1
7603 1
6287 1
6619 1
7137 1
8101 1
8940 1
9291 1
9307 1
9825 1
8888 1
9821 1
8995 1
4753 1
6651 1
8582 1
6358 1
3254 1
8192 1
10100 1
4585 1
3893 1
6696 1
8475 1
5795 1
9476 1
8541 1
7756 1
7975 1
6007 1
9211 1
9425 1
6260 1
8883 1
10211 1
9674 1
9071 1
8797 1
8676 1
9257 1
4983 1
6029 1
7614 1
5915 1
9358 1
9925 1
5622 1
9176 1
5715 1
8105 1
8996 1
8337 1
9390 1
9706 1
8544 1
8374 1
3618 1
6045 1
9194 1
8166 1
7678 1
8245 1
3780 1
9576 1
6861 1
4659 1
7422 1
9596 1
7322 1
7615 1
8484 1
7684 1
8430 1
8633 1
6131 1
7409 1
8104 1
10055 1
7795 1
7779 1
8211 1
7974 1
8017 1
5870 1
9622 1
10238 1
8907 1
5376 1
9069 1
8905 1
7100 1
7963 1
9651 1
9988 1
10098 1
6966 1
5269 1
8304 1
9207 1
3831 1
9269 1
8610 1
7486 1
8857 1
9833 1
6808 1
7270 1
6985 1
4524 1
7977 1
8257 1
6807 1
9267 1
5238 1
8987 1
4187 1
9343 1
9619 1
8348 1
7695 1
5405 1
8593 1
7660 1
8894 1
8896 1
5707 1
5827 1
8439 1
8516 1
9940 1
9661 1
10118 1
3603 1
8293 1
5626 1
8912 1
9090 1
9643 1
8563 1
8213 1
8572 1
5493 1
6154 1
8617 1
5889 1
10153 1
8089 1
8635 1
9420 1
9439 1
6987 1
7746 1
3837 1
9236 1
4494 1
10003 1
8503 1
6580 1
5792 1
8757 1
6192 1
1917 1
5894 1
7444 1
6970 1
4506 1
4876 1
9316 1
5657 1
8870 1
8465 1
10004 1
10025 1
3471 1
9700 1
9511 1
7806 1
8477 1
8254 1
7759 1
6671 1
9878 1
9563 1
10038 1
9460 1
9951 1
8471 1
9731 1
10221 1
9063 1
8554 1
3727 1
9839 1
5797 1
9031 1
6958 1
10052 1
9769 1
9593 1
9947 1
8568 1
9463 1
5312 1
8598 1
8734 1
9151 1
7655 1
6799 1
8339 1
9886 1
7363 1
3598 1
7965 1
7860 1
9034 1
8514 1
9202 1
9287 1
8527 1
10237 1
6102 1
10024 1
7955 1
7836 1
9702 1
6012 1
9309 1
6450 1
9683 1
9013 1
7808 1
10071 1
7235 1
8677 1
8628 1
9869 1
3416 1
9241 1
9348 1
9435 1
6121 1
9058 1
5698 1
3032 1
8926 1
6323 1
9162 1
8045 1
8654 1
8132 1
10266 1
9428 1
8019 1
9035 1
9813 1
9535 1
7571 1
7442 1
7594 1
7608 1
8817 1
6877 1
4112 1
7613 1
10195 1
8581 1
9682 1
7837 1
8798 1
2526 1
6601 1
7053 1
9404 1
7639 1
9533 1
8046 1
4476 1
7306 1
3045 1
6803 1
9881 1
6870 1
6812 1
8928 1
10182 1
8752 1
8523 1
10178 1
8247 1
9088 1
9623 1
6231 1
5941 1
7732 1
9620 1
8303 1
7407 1
6733 1
8190 1
3956 1
4701 1
6766 1
8513 1
8878 1
7076 1
5528 1
9742 1
9110 1
9507 1
7634 1
9163 1
7842 1
9483 1
3564 1
6288 1
9600 1
8564 1
8352 1
8301 1
8200 1
5955 1
10185 1
8090 1
9217 1
8006 1
5670 1
5294 1
9816 1
7666 1
8280 1
6532 1
9029 1
5731 1
7714 1
9482 1
7651 1
4028 1
9081 1
7544 1
7128 1
9049 1
9305 1
9225 1
8372 1
9694 1
7569 1
9285 1
7740 1
10168 1
9906 1
9594 1
3441 1
9973 1
9386 1
7460 1
9045 1
6205 1
2193 1
9317 1
10039 1
7725 1
9402 1
6430 1
7858 1
9795 1
4629 1
9964 1
6047 1
7733 1
5425 1
7923 1
7475 1
9850 1
6028 1
10105 1
9548 1
7702 1
6059 1
7810 1
6169 1
8088 1
7921 1
6944 1
9165 1
8778 1
9421 1
6788 1
8889 1
9527 1
9768 1
9873 1
5102 1
7503 1
8264 1
8868 1
8930 1
7574 1
8447 1
9449 1
9278 1
8365 1
7944 1
8833 1
7505 1
9145 1
9179 1
7391 1
8386 1
8332 1
9128 1
10234 1
9301 1
7834 1
7632 1
7222 1
8358 1
10268 1
5213 1
9697 1
9898 1
8209 1
8754 1
6201 1
6817 1
7592 1
3912 1
7785 1
4455 1
8235 1
8252 1
6023 1
6627 1
10125 1
4672 1
9979 1
5849 1
9675 1
10206 1
5903 1
5398 1
8082 1
5867 1
3207 1
8228 1
5319 1
10166 1
8822 1
8333 1
5704 1
6616 1
6307 1
8145 1
5930 1
6184 1
9934 1
9528 1
10053 1
7378 1
5321 1
9984 1
9105 1
7933 1
8266 1
5751 1
8972 1
8248 1
8227 1
9908 1
8116 1
8323 1
2418 1
8517 1
7344 1
4789 1
10204 1
5877 1
5973 1
6050 1
7616 1
7523 1
8040 1
8748 1
9985 1
7911 1
8680 1
9273 1
3850 1
9579 1
3222 1
7928 1
6717 1
7598 1
4788 1
5861 1
6453 1
6646 1
9349 1
8652 1
9270 1
8025 1
8056 1
10082 1
8205 1
5597 1
5415 1
8626 1
1173 1
9673 1
7788 1
8746 1
7796 1
8258 1
5999 1
8315 1
7425 1
8275 1
7595 1
8743 1
6035 1
7792 1
9884 1
8978 1
7150 1
9002 1
8497 1
5206 1
10068 1
9072 1
3864 1
5963 1
9197 1
8001 1
9001 1
8351 1
7770 1
9173 1
8865 1
8877 1
7718 1
10109 1
6533 1
6901 1
9719 1
5559 1
10108 1
7647 1
9736 1
8346 1
8830 1
8551 1
10244 1
6251 1
9008 1
9468 1
5672 1
8661 1
5939 1
9598 1
5215 1
9568 1
10022 1
9831 1
9436 1
7245 1
7663 1
7849 1
9840 1
6096 1
6984 1
9514 1
10269 1
9394 1
3860 1
9663 1
10179 1
8836 1
8990 1
7399 1
7949 1
10124 1
5971 1
5830 1
8383 1
9154 1
7833 1
8217 1
9479 1
9047 1
9330 1
9521 1
8607 1
5980 1
9647 1
7300 1
9046 1
9189 1
9223 1
3947 1
9891 1
6118 1
8414 1
5333 1
9325 1
8977 1
9913 1
9765 1
7541 1
8846 1
8410 1
6189 1
9213 1
7626 1
8185 1
7679 1
8191 1
6178 1
8487 1
9487 1
8874 1
8208 1
9332 1
7821 1
9845 1
7940 1
8989 1
5105 1
7205 1
7619 1
9774 1
7449 1
3504 1
9959 1
9126 1
9136 1
6503 1
6626 1
8913 1
8768 1
8053 1
9346 1
9438 1
7079 1
7051 1
8669 1
3787 1
5387 1
8620 1
8701 1
7978 1
9312 1
9299 1
8451 1
8804 1
10256 1
8417 1
9396 1
7953 1
8038 1
7604 1
3951 1
10212 1
8325 1
8841 1
9842 1
7584 1
5728 1
5519 1
6752 1
9704 1
9375 1
9137 1
9794 1
8753 1
9405 1
9784 1
9854 1
6271 1
10140 1
9292 1
6304 1
9352 1
6840 1
7329 1
6824 1
9193 1
7780 1
7934 1
3631 1
8312 1
8571 1
8096 1
9146 1
3549 1
8203 1
8536 1
7637 1
5156 1
8815 1
9113 1
8060 1
9277 1
1974 1
10205 1
10220 1
9475 1
10225 1
7327 1
10005 1
7762 1
8819 1
3943 1
9513 1
8904 1
5920 1
7918 1
5283 1
8956 1
7654 1
7819 1
6445 1
9422 1
9950 1
10001 1
8717 1
6356 1
5088 1
8409 1
9664 1
9314 1
7802 1
9376 1
5476 1
9122 1
6245 1
9990 1
8693 1
5166 1
9911 1
8720 1
7843 1
5491 1
7920 1
5660 1
8880 1
8214 1
8862 1
6713 1
8092 1
3457 1
9754 1
7882 1
5925 1
10283 1
6989 1
7530 1
9629 1
9096 1
8279 1
8187 1
9039 1
7755 1
10260 1
8863 1
8522 1
5381 1
7689 1
8319 1
9077 1
8380 1
7765 1
5338 1
9302 1
8945 1
9538 1
9624 1
6507 1
7709 1
5165 1
7951 1
7875 1
9792 1
6519 1
9679 1
9635 1
8599 1
9021 1
5619 1
6560 1
10093 1
7817 1
9505 1
5277 1
5281 1
9772 1
9067 1
10102 1
7748 1
8751 1
7939 1
8602 1
7816 1
8848 1
8110 1
2782 1
7790 1
5256 1
5174 1
8742 1
8580 1
9120 1
5609 1
7578 1
9494 1
8201 1
6723 1
9080 1
7272 1
5530 1
6223 1
8840 1
9053 1
10261 1
7169 1
8106 1
7812 1
8162 1
5304 1
8704 1
6553 1
7292 1
8953 1
8903 1
8594 1
7179 1
6523 1
7466 1
9529 1
6148 1
8277 1
8149 1
8221 1
9512 1
8975 1
6264 1
8540 1
8835 1
8083 1
3721 1
5543 1
9174 1
8473 1
9089 1
6746 1
10170 1
5252 1
5761 1
8189 1
9573 1
5271 1
7757 1
9976 1
9946 1
8324 1
8735 1
9243 1
5535 1
8093 1
9710 1
9933 1
8902 1
8466 1
9917 1
8493 1
10033 1
8950 1
6738 1
7879 1
7957 1
8342 1
7225 1
7904 1
9216 1
9413 1
8559 1
7677 1
9488 1
5905 1
9205 1
10104 1
8767 1
9209 1
6622 1
8160 1
8074 1
6387 1
6912 1
8684 1
7535 1
8298 1
4812 1
5581 1
8126 1
8949 1
8127 1
8545 1
7572 1
9161 1
7661 1
7708 1
8378 1
8647 1
8724 1
10128 1
8197 1
8296 1
6293 1
5179 1
6426 1
10156 1
7532 1
9153 1
4195 1
9474 1
9983 1
8786 1
3775 1
7607 1
9055 1
8843 1
7990 1
8533 1
2268 1
5515 1
8335 1
8307 1
9852 1
7900 1
1937 1
6399 1
7492 1
5822 1
5752 1
6823 1
9012 1
9849 1
8532 1
9851 1
6535 1
7851 1
7830 1
10219 1
5314 1
8539 1
7581 1
10223 1
8749 1
8495 1
10018 1
5681 1
8721 1
8431 1
9508 1
7254 1
9633 1
8834 1
5183 1
3556 1
6607 1
10274 1
9246 1
8043 1
8174 1
8334 1
8946 1
8067 1
6957 1
7108 1
10236 1
8681 1
10230 1
8911 1
7553 1
7481 1
8542 1
5683 1
6104 1
4937 1
8184 1
10136 1
8357 1
9963 1
9523 1
4656 1
5050 1
7729 1
7768 1
8622 1
9968 1
5348 1
8796 1
5661 1
8164 1
9140 1
5301 1
9569 1
7932 1
7167 1
8966 1
8048 1
8792 1
8510 1
3822 1
8155 1
7799 1
8003 1
9083 1
9577 1
8377 1
9032 1
9076 1
7739 1
9467 1
6758 1
9147 1
7673 1
5170 1
8691 1
8521 1
8643 1
10209 1
6212 1
7730 1
5363 1
7945 1
6694 1
9244 1
5211 1
5921 1
7804 1
7533 1
9230 1
3813 1
6648 1
7548 1
10099 1
9589 1
7825 1
5424 1
9442 1
6630 1
8433 1
9747 1
8716 1
9740 1
7547 1
2962 1
5435 1
9897 1
5650 1
6499 1
8276 1
4280 1
7668 1
10191 1
6542 1
5775 1
8856 1
7889 1
8809 1
9580 1
5274 1
8502 1
6988 1
8033 1
6543 1
8866 1
6632 1
5692 1
8464 1
9331 1
7168 1
9388 1
4760 1
7863 1
8726 1
5725 1
8009 1
3528 1
9038 1
8066 1
7657 1
8700 1
9785 1
9068 1
7915 1
10167 1
8198 1
9318 1
6806 1
8732 1
6435 1
9928 1
7753 1
8958 1
9342 1
7032 1
10197 1
9319 1
9070 1
6534 1
8939 1
10002 1
8103 1
8999 1
3693 1
5808 1
7841 1
9586 1
9614 1
8186 1
9115 1
4567 1
9441 1
4586 1
7884 1
8338 1
8931 1
9904 1
8445 1
8287 1
2395 1
9074 1
8944 1
5324 1
6395 1
7962 1
4081 1
7297 1
9253 1
9345 1
8737 1
3550 1
8008 1
5790 1
8733 1
7659 1
7966 1
5504 1
9591 1
9610 1
9670 1
9329 1
8851 1
7705 1
9111 1
9509 1
6790 1
8415 1
9238 1
8873 1
8474 1
8673 1
8509 1
9286 1
8274 1
7044 1
8329 1
9558 1
8683 1
9599 1
4101 1
5494 1
8065 1
8391 1
7638 1
8400 1
7631 1
10158 1
5149 1
8992 1
7874 1
5506 1
9365 1
3476 1
8886 1
7909 1
9359 1
9895 1
7149 1
9123 1
6186 1
5439 1
5564 1
9540 1
10199 1
5307 1
9295 1
8095 1
5810 1
9899 1
8268 1
7537 1
6780 1
7565 1
9732 1
9907 1
9156 1
6649 1
5637 1
8042 1
7542 1
7749 1
9921 1
7996 1
8744 1
9961 1
3574 1
7805 1
10132 1
8402 1
9716 1
8936 1
9266 1
5386 1
7576 1
7187 1
6070 1
7653 1
4620 1
5464 1
6854 1
5673 1
9380 1
6316 1
8120 1
5282 1
7704 1
9874 1
7731 1
9371 1
7880 1
6624 1
9778 1
9870 1
6058 1
9061 1
4948 1
9592 1
7577 1
9757 1
8170 1
9164 1
6210 1
7625 1
6802 1
9554 1
9812 1
6147 1
7699 1
7917 1
9426 1
6440 1
10282 1
8592 1
7969 1
5366 1
8569 1
8278 1
8424 1
9251 1
8535 1
6785 1
8960 1
8270 1
8982 1
9434 1
9641 1
3467 1
9631 1
8557 1
7583 1
10117 1
6866 1
7867 1
8340 1
9351 1
7644 1
7752 1
3327 1
8379 1
9650 1
7720 1
9607 1
9796 1
9379 1
9401 1
8937 1
4238 1
7721 1
8575 1
9603 1
8854 1
10126 1
6314 1
10000 1
9880 1
9770 1
9537 1
9801 1
7054 1
8375 1
6645 1
8832 1
5764 1
4427 1
4970 1
5168 1
6124 1
8121 1
7887 1
9687 1
9065 1
8371 1
2382 1
8426 1
9411 1
7710 1
9640 1
6846 1
7971 1
5771 1
3459 1
7545 1
9559 1
9232 1
9356 1
3654 1
8470 1
9791 1
8811 1
9092 1
7562 1
3560 1
9562 1
7671 1
7480 1
7902 1
8891 1
7219 1
4391 1
6964 1
9890 1
8664 1
9859 1
10281 1
8368 1
8659 1
8964 1
6011 1
8549 1
6498 1
10135 1
9606 1
9139 1
8962 1
2734 1
6563 1
9536 1
9350 1
9936 1
8355 1
6526 1
6191 1
2687 1
9256 1
10241 1
5998 1
7017 1
10146 1
9324 1
9665 1
8694 1
9078 1
4191 1
8023 1
9760 1
10139 1
6090 1
8909 1
10058 1
9198 1
8230 1
9132 1
4369 1
8349 1
8345 1
8468 1
10045 1
8272 1
5351 1
7901 1
9630 1
2568 1
10175 1
7675 1
8011 1
6941 1
8073 1
7959 1
8725 1
4254 1
9268 1
8614 1
7559 1
8250 1
10169 1
8908 1
8413 1
8282 1
8861 1
5372 1
9676 1
9667 1
8838 1
6665 1
6439 1
9414 1
8360 1
9698 1
7454 1
9885 1
6193 1
5323 1
6119 1
6830 1
9382 1
8326 1
8283 1
8774 1
9433 1
7800 1
5953 1
6946 1
9882 1
9834 1
7298 1
3809 1
7275 1
9887 1
5940 1
9909 1
9221 1
8974 1
7838 1
9157 1
2410 1
9296 1
9962 1
10029 1
7935 1
8750 1
7984 1
7696 1
6235 1
5924 1
7750 1
7131 1
8133 1
8059 1
9823 1
6650 1
5178 1
9234 1
5623 1
8256 1
5972 1
4644 1
9195 1
9087 1
7185 1
7022 1
7336 1
9033 1
9052 1
5817 1
9374 1
7961 1
5194 1
7369 1
4466 1
8650 1
7543 1
8393 1
8713 1
7000 1
8207 1
10081 1
6859 1
8645 1
8459 1
1283 1
9578 1
6575 1
10229 1
7773 1
8719 1
8943 1
9114 1
8699 1
7410 1
8872 1
5378 1
5192 1
9746 1
3424 1
7059 1
5605 1
7546 1
5636 1
5635 1
8821 1
9304 1
9427 1
8269 1
9138 1
6947 1
6962 1
9847 1
8640 1
6635 1
7896 1
8472 1
9461 1
6975 1
3490 1
9975 1
6764 1
10110 1
8403 1
8816 1
8265 1
7293 1
9493 1
7745 1
2688 1
10031 1
7622 1
7943 1
5800 1
8476 1
9289 1
8328 1
6838 1
8708 1
8824 1
8760 1
6911 1
9500 1
8531 1
9182 1
9708 1
9075 1
5275 1
9763 1
8518 1
10271 1
5967 1
4047 1
9597 1
9728 1
10259 1
8948 1
6794 1
9841 1
9949 1
6290 1
5533 1
5224 1
10026 1
5776 1
9565 1
9759 1
9601 1
8240 1
6765 1
8932 1
7870 1
8653 1
8573 1
9485 1
7247 1
7528 1
7897 1
9215 1
5103 1
9158 1
6022 1
8512 1
8300 1
9797 1
8416 1
2466 1
7071 1
8898 1
10249 1
9992 1
6809 1
10121 1
8698 1
8618 1
9625 1
8143 1
10264 1
9783 1
9261 1
10044 1
9201 1
9786 1
6804 1
7877 1
5196 1
9423 1
10148 1
8142 1
8979 1
6296 1
8243 1
7840 1
9534 1
7794 1
9018 1
6686 1
9093 1
4039 1
9118 1
9944 1
8971 1
7041 1
7554 1
6408 1
7025 1
8072 1
8425 1
7458 1
8849 1
9320 1
8490 1
2312 1
6661 1
5908 1
7763 1
10062 1
9733 1
9274 1
8032 1
5853 1
9227 1
8318 1
8770 1
7919 1
10056 1
9912 1
7612 1
9843 1
8015 1
10065 1
7621 1
8887 1
10115 1
8692 1
8233 1
9233 1
6883 1
4767 1
9764 1
9175 1
7717 1
8771 1
8665 1
5632 1
8255 1
7697 1
9495 1
10059 1
6333 1
8847 1
7358 1
9170 1
8920 1
8156 1
9297 1
8590 1
8354 1
10273 1
6488 1
7249 1
4614 1
10012 1
9121 1
10083 1
5241 1
8763 1
4522 1
9743 1
9272 1
7636 1
9219 1
6675 1
5375 1
8994 1
5938 1
8249 1
8782 1
5253 1
10020 1
6302 1
10077 1
9544 1
5395 1
7905 1
4781 1
10214 1
7268 1
8722 1
4775 1
8218 1
9931 1
5913 1
9848 1
4931 1
10050 1
6789 1
10091 1
8232 1
8525 1
9281 1
6327 1
4159 1
9718 1
8934 1
7707 1
8238 1
8376 1
9671 1
9652 1
6868 1
8363 1
7881 1
8330 1
10143 1
5602 1
5656 1
7743 1
6412 1
8182 1
7728 1
9364 1
8195 1
5666 1
9504 1
7872 1
8152 1
9532 1
10011 1
9815 1
9322 1
8562 1
8064 1
8219 1
9645 1
8350 1
6647 1
8860 1
5675 1
6261 1
5721 1
9497 1
4259 1
4568 1
9142 1
8124 1
8098 1
7686 1
6836 1
9790 1
5768 1
5724 1
10252 1
9190 1
9971 1
5886 1
9684 1
6871 1
8481 1
9103 1
8959 1
8204 1
5392 1
9239 1
8401 1
7288 1
9125 1
7857 1
9415 1
8389 1
9929 1
8138 1
7074 1
5065 1
3615 1
7777 1
8789 1
5872 1
8955 1
5437 1
9399 1
9518 1
5978 1
10187 1
8947 1
5568 1
9041 1
6464 1
9321 1
7106 1
9883 1
9756 1
8727 1
9864 1
10250 1
7648 1
8311 1
9712 1
10216 1
8624 1
7606 1
7703 1
8801 1
5638 1
9648 1
8438 1
7674 1
7895 1
9787 1
6448 1
10203 1
6603 1
6939 1
10078 1
6299 1
6406 1
7937 1
7091 1
6755 1
8604 1
9451 1
5249 1
9293 1
3486 1
9613 1
7568 1
7540 1
8236 1
6388 1
9185 1
7972 1
9387 1
10208 1
9327 1
6026 1
7999 1
5205 1
8954 1
9499 1
7861 1
6904 1
6329 1
7772 1
7178 1
7908 1
7688 1
5738 1
8690 1
7981 1
7941 1
7814 1
2623 1
2318 1
8916 1
7506 1
9135 1
6134 1
7294 1
5730 1
7706 1
5691 1
6531 1
9191 1
8099 1
9604 1
7669 1
7520 1
7701 1
7447 1
8021 1
8411 1
10034 1
8965 1
8649 1
7712 1
4762 1
7258 1
7550 1
9510 1
5346 1
4444 1
7398 1
9572 1
3340 1
5041 1
4623 1
6357 1
3626 1
7539 1
6656 1
5389 1
8308 1
6160 1
9987 1
8876 1
6833 1
7418 1
3558 1
9283 1
8442 1
7426 1
9734 1
5522 1
9889 1
6084 1
9290 1
8657 1
8685 1
6652 1
4065 1
9144 1
7737 1
8480 1
7846 1
10265 1
6063 1
9617 1
9245 1
10095 1
6753 1
10193 1
5040 1
4355 1
8961 1
8453 1
6114 1
6968 1
8031 1
9242 1
7829 1
7163 1
8062 1
5966 1
4591 1
7791 1
4744 1
8656 1
8986 1
10176 1
7588 1
8702 1
8991 1
7600 1
9980 1
8777 1
9377 1
8855 1
5992 1
9657 1
8668 1
9085 1
8239 1
7549 1
7477 1
8967 1
8538 1
8621 1
6751 1
4228 1
9628 1
4442 1
8764 1
9587 1
8449 1
9832 1
6961 1
8852 1
10202 1
9997 1
9491 1
5433 1
8336 1
8215 1
8005 1
7854 1
10017 1
8548 1
9781 1
9807 1
7065 1
10079 1
8566 1
7642 1
9932 1
8499 1
5758 1
6015 1
2560 1
9824 1
8407 1
6221 1
5572 1
10162 1
6447 1
9658 1
7876 1
6309 1
9288 1
9429 1
8263 1
7633 1
6267 1
9953 1
10174 1
7898 1
9187 1
9713 1
6010 1
6051 1
4560 1
7063 1
5744 1
9618 1
4410 1
4124 1
10226 1
10138 1
8418 1
7132 1
8812 1
5860 1
6494 1
10023 1
4565 1
6219 1
8616 1
9298 1
7868 1
9773 1
9417 1
7892 1
8002 1
9877 1
7976 1
6546 1
5910 1
6594 1
9685 1
9044 1
7713 1
10106 1
10141 1
8667 1
8302 1
8810 1
8172 1
6536 1
5191 1
7500 1
6937 1
9995 1
8507 1
10123 1
2627 1
10015 1
9678 1
10066 1
7585 1
6259 1
4361 1
9639 1
5669 1
6100 1
10086 1
8519 1
9814 1
7859 1
8537 1
9130 1
7579 1
7694 1
7992 1
7474 1
8663 1
8102 1
9805 1
8805 1
7761 1
4962 1
7690 1
6587 1
3456 1
9294 1
8010 1
9141 1
6139 1
6609 1
10151 1
6224 1
7968 1
5400 1
9097 1
5875 1
10262 1
9228 1
9334 1
7719 1
7862 1
9836 1
7558 1
10258 1
8963 1
8405 1
8435 1
10257 1
9811 1
5628 1
9957 1
7662 1
9649 1
4991 1
6341 1
4394 1
7062 1
5329 1
9919 1
5993 1
10057 1
8494 1
9690 1
8362 1
7534 1
3338 1
9210 1
10275 1
10087 1
6574 1
6424 1
9484 1
8787 1
8212 1
9681 1
8169 1
8462 1
5576 1
9393 1
8826 1
8013 1
9240 1
9711 1
9737 1
9965 1
6163 1
6639 1
7374 1
8130 1
8206 1
9059 1
8036 1
10041 1
5560 1
9311 1
8534 1
7883 1
6442 1
8452 1
5218 1
9172 1
9258 1
9744 1
8085 1
10242 1
5717 1
6190 2
5844 2
4426 2
4709 2
5391 2
3335 2
7226 2
2983 2
3718 2
6611 2
4971 2
5931 2
5906 2
5505 2
3804 2
5453 2
6674 2
7343 2
7295 2
7400 2
4403 2
7043 2
6727 2
2808 2
7136 2
3458 2
4536 2
2256 2
5746 2
7129 2
6681 2
5176 2
4097 2
7367 2
6978 2
891 2
5716 2
6925 2
6541 2
2939 2
4548 2
4309 2
4392 2
5826 2
6935 2
5291 2
4758 2
4079 2
6668 2
3751 2
4356 2
3519 2
3847 2
7141 2
2113 2
4650 2
5117 2
5326 2
1847 2
4261 2
5651 2
5199 2
4577 2
5814 2
2746 2
7092 2
7186 2
4502 2
2695 2
5080 2
4296 2
6584 2
2899 2
2652 2
5286 2
6105 2
5697 2
7345 2
3365 2
7221 2
6641 2
7210 2
3948 2
3930 2
7364 2
1653 2
4434 2
4381 2
5580 2
6082 2
6791 2
5002 2
4823 2
3355 2
5243 2
4904 2
5242 2
6818 2
3529 2
3963 2
6772 2
6572 2
4085 2
6599 2
3859 2
3869 2
5679 2
4703 2
4220 2
7455 2
6216 2
5688 2
6487 2
3801 2
5362 2
5209 2
3582 2
4125 2
4515 2
4516 2
5217 2
5290 2
4855 2
6407 2
4439 2
3480 2
6562 2
2363 2
6822 2
6400 2
5230 2
7451 2
5397 2
5529 2
2698 2
6393 2
6391 2
7192 2
7193 2
7203 2
5869 2
6841 2
7194 2
5235 2
6340 2
7421 2
3571 2
7049 2
4054 2
4973 2
4918 2
3378 2
4728 2
4165 2
4451 2
5548 2
2200 2
6745 2
5137 2
7375 2
7176 2
3807 2
5477 2
6233 2
6335 2
1638 2
4545 2
3292 2
5298 2
5463 2
3169 2
2329 2
6074 2
3307 2
5646 2
5352 2
2547 2
4383 2
5289 2
5047 2
6744 2
3408 2
7161 2
3687 2
3845 2
2732 2
5177 2
6254 2
4815 2
6967 2
6280 2
4952 2
5210 2
7006 2
5520 2
6060 2
5042 2
3392 2
5085 2
6662 2
5369 2
4464 2
6481 2
7362 2
3762 2
3962 2
5431 2
4367 2
6215 2
5330 2
5947 2
3148 2
1674 2
3667 2
5594 2
7383 2
5069 2
2265 2
3790 2
3634 2
7199 2
3249 2
4246 2
7412 2
5762 2
4470 2
5097 2
6844 2
5154 2
7468 2
5466 2
4512 2
3066 2
3844 2
6997 2
6116 2
7180 2
4166 2
5802 2
6513 2
3649 2
4134 2
4569 2
6401 2
4230 2
4497 2
3894 2
3569 2
6452 2
7348 2
3776 2
5765 2
6368 2
3464 2
6832 2
4689 2
4694 2
5020 2
6444 2
3055 2
4279 2
5567 2
4495 2
7276 2
6111 2
4584 2
5556 2
5858 2
6482 2
7010 2
3452 2
5231 2
4949 2
6773 2
3554 2
4009 2
4221 2
4741 2
5460 2
2744 2
4292 2
5949 2
3710 2
5584 2
3004 2
6146 2
7291 2
4518 2
3895 2
4294 2
6999 2
4457 2
5829 2
6436 2
6234 2
5684 2
4374 2
5367 2
5172 2
3923 2
6917 2
3663 2
4437 2
3918 2
6491 2
2540 2
6473 2
4091 2
7174 2
5208 2
1993 2
7060 2
5569 2
2893 2
4167 2
3575 2
4687 2
6370 2
3048 2
7250 2
3129 2
6881 2
5169 2
5465 2
5835 2
5885 2
1757 2
7087 2
5273 2
3890 2
3417 2
3815 2
6687 2
6421 2
7064 2
3980 2
7309 2
6889 2
4048 2
7285 2
5942 2
6825 2
6194 2
6880 2
3273 2
6402 2
4473 2
7080 2
4407 2
7512 2
7119 2
6896 2
5049 2
6458 2
2169 2
4463 2
6053 2
4628 2
7432 2
2881 2
3388 2
4316 2
7140 2
7201 2
5332 2
5615 2
3938 2
6006 2
7089 2
4454 2
4104 2
3235 2
7013 2
5759 2
5341 2
4082 2
5414 2
4022 2
6915 2
5685 2
5754 2
5611 2
3689 2
6638 2
4140 2
6712 2
4985 2
4878 2
5146 2
4974 2
6239 2
6593 2
5443 2
5296 2
4797 2
3330 2
4528 2
6734 2
2779 2
6718 2
4905 2
2355 2
6878 2
7357 2
4252 2
3102 2
4915 2
1458 2
6566 2
4621 2
6705 2
4840 2
6258 2
3892 2
3873 2
4579 2
4069 2
2630 2
6446 2
4857 2
3056 2
5511 2
4338 2
4489 2
5469 2
3523 2
6591 2
6501 2
7109 2
7155 2
4881 2
4281 2
5162 2
3567 2
3367 2
2315 2
5265 2
5456 2
6217 2
7261 2
5517 2
5320 2
4320 2
6338 2
7463 2
7433 2
5647 2
6983 2
4841 2
5577 2
6552 2
4561 2
5354 2
6721 2
494 2
6781 2
7083 2
6397 2
5570 2
2785 2
6767 2
3861 2
6377 2
1959 2
6567 2
5718 2
7030 2
5355 2
4007 2
5302 2
7352 2
6873 2
6172 2
6754 2
7355 2
7361 2
3812 2
5774 2
5516 2
6779 2
6858 2
3825 2
7252 2
3714 2
5678 2
6177 2
6310 2
2642 2
7414 2
4622 2
5665 2
3937 2
1620 2
5561 2
6568 2
6976 2
5630 2
3779 2
5781 2
6417 2
6505 2
4420 2
6932 2
4269 2
2181 2
5186 2
6372 2
2534 2
7287 2
2860 2
5986 2
4666 2
1124 2
6364 2
4492 2
6103 2
4717 2
7443 2
6634 2
4130 2
3214 2
3999 2
5952 2
4665 2
3240 2
7145 2
5983 2
7216 2
4151 2
4018 2
7461 2
7021 2
3773 2
7519 2
5359 2
5555 2
7177 2
5087 2
5232 2
3000 2
4626 2
4899 2
6618 2
5954 2
7098 2
5961 2
4581 2
7133 2
7395 2
2457 2
2492 2
6847 2
4799 2
3888 2
7127 2
4541 2
6351 2
6991 2
6432 2
5268 2
5687 2
7148 2
4056 2
4796 2
5276 2
3707 2
4370 2
5710 2
4824 2
6479 2
2880 2
1934 2
6243 2
5824 2
6371 2
6931 2
2290 2
5859 2
4803 2
6165 2
7262 2
3941 2
6724 2
4303 2
7207 2
3505 2
5926 2
6977 2
7286 2
6068 2
7273 2
6787 2
5553 2
6021 2
3605 2
2619 2
6273 2
6673 2
6826 2
5266 2
5180 2
6238 2
3712 2
5848 2
4873 2
5015 2
5309 2
6071 2
5968 2
4761 2
5855 2
6899 2
5767 2
5709 2
7001 2
2204 2
7045 2
5699 2
4955 2
6206 2
4557 2
4849 2
6670 2
6374 2
2055 2
3061 2
5791 2
2903 2
5370 2
5573 2
5603 2
7320 2
5380 2
4201 2
4234 2
6032 2
5486 2
6087 2
4725 2
5423 2
1865 2
3176 2
6168 2
3271 2
3027 2
6188 2
7385 2
3128 2
3854 2
4311 2
1734 2
2858 2
4907 2
5919 2
7195 2
4308 2
6315 2
4063 2
6067 2
5483 2
6208 2
3433 2
6829 2
2531 2
4373 2
7269 2
5857 2
3909 2
3653 2
3808 2
6419 2
5374 2
6792 2
7323 2
6033 2
6278 2
3398 2
5457 2
3914 2
4482 2
4787 2
4818 2
6581 2
3450 2
6728 2
6381 2
6715 2
7471 2
5495 2
6576 2
6471 2
6875 2
6091 2
3629 2
6857 2
5018 2
7427 2
6334 2
5327 2
4258 2
5446 2
6672 2
1678 2
4879 2
6013 2
6979 2
5340 2
4202 2
5399 2
6894 2
5831 2
6470 2
3973 2
5596 2
3402 2
4641 2
5780 2
5539 2
6443 2
7055 2
2968 2
5071 2
6874 2
6079 2
6072 2
5100 2
5851 2
5742 2
7196 2
4673 2
7334 2
5214 2
6876 2
6038 2
5621 2
4611 2
7116 2
5507 2
6508 2
6540 2
5737 2
2632 2
6884 2
6004 2
5989 2
7513 2
4283 2
6770 2
3616 2
6737 2
6130 2
5315 2
4564 2
3885 2
6140 2
4098 2
5163 2
6680 2
7434 2
7008 2
5613 2
4421 2
3756 2
7191 2
6014 2
5077 2
4500 2
7416 2
5958 2
4073 2
2679 2
4734 2
5523 2
6683 2
7278 2
5643 2
4867 2
2974 2
2737 2
6897 2
7005 2
1979 2
3269 2
5279 2
5365 2
1778 2
6000 2
5653 2
7392 2
3607 2
4352 2
4042 2
7446 2
5815 2
6248 2
1438 2
4384 2
7239 2
3770 2
5794 2
2401 2
4636 2
4718 2
7360 2
2765 2
6345 2
6805 2
5694 2
7328 2
7489 2
7465 2
5227 2
2654 2
6226 2
6739 2
4302 2
3830 2
5708 2
4485 2
7346 2
4648 2
5541 2
7027 2
6262 2
5526 2
5254 2
6778 2
3889 2
6078 2
5733 2
6034 2
2054 2
6492 2
3382 2
5618 2
2813 2
4556 2
3405 2
5257 2
6467 2
6623 2
5720 2
3343 2
7402 2
6409 2
2643 2
6052 2
6592 2
6249 2
4751 2
2390 2
7493 2
5693 2
6354 2
5189 2
7183 2
2730 2
3077 2
5322 2
3624 2
6613 2
7233 2
6039 2
6158 2
7034 2
6921 2
4117 2
6998 2
4833 2
1809 2
6282 2
2480 2
3364 2
5722 2
6518 2
5344 2
4976 2
6166 2
4023 2
5029 2
2942 2
6002 2
3636 2
5160 2
6905 2
6993 2
2436 2
6055 2
4660 2
5682 2
4319 2
7338 2
6796 2
7452 2
5749 2
6170 2
7502 2
5078 2
6061 2
4017 2
7284 2
5696 2
6042 2
4168 2
6197 2
5501 2
6461 2
4817 2
3394 2
3304 2
6974 2
3268 2
1725 2
2338 2
4742 2
4542 2
6083 2
4798 2
4368 2
7473 2
5158 2
3257 2
3929 2
1503 2
3008 2
6900 2
3415 2
5937 2
3767 2
4632 2
5740 2
6056 2
4954 2
3403 2
6579 2
4197 2
4892 2
5587 2
6076 2
6073 2
5789 2
6530 2
5133 2
4546 2
4953 2
7213 2
1586 2
1211 2
7379 2
3841 2
3800 2
1566 2
4020 2
5421 2
5190 2
7271 2
5680 2
4456 2
4128 2
5328 2
3926 2
6405 2
4631 2
4854 2
6480 2
3991 2
3410 2
7387 2
5933 2
4634 2
3509 2
6469 2
5841 2
5003 2
5772 2
4449 2
3608 2
5245 2
7118 2
3935 2
5489 2
5756 2
4424 2
5508 2
3647 2
4255 2
6392 2
4087 2
7438 2
3310 2
2409 2
6914 2
7147 2
6879 2
4575 2
5900 2
1989 2
5537 2
5303 2
3670 2
3502 2
4804 2
2460 2
6548 2
4890 2
5262 2
6099 2
7511 2
6136 2
4507 2
6380 2
5897 2
2349 2
7047 2
5153 2
6411 2
4012 2
3180 2
4086 2
6731 2
5280 2
3488 2
4563 2
2417 2
6664 2
3482 2
3900 2
1658 2
3508 2
6489 2
6490 2
3463 2
3427 2
4736 2
5982 2
6898 2
5503 2
6940 2
2523 2
7478 2
5407 2
2901 2
1550 2
4313 2
4486 2
2973 2
5034 2
6633 2
7160 2
6266 2
6867 2
3750 2
6449 2
6949 2
7223 2
1196 2
6538 2
4341 2
5850 2
4193 2
4189 2
7522 2
6486 2
2578 2
5066 2
4324 2
925 2
4898 2
3965 2
2675 2
4194 2
5420 2
7408 2
3713 2
4329 2
4405 2
6123 2
5965 2
6942 2
3632 2
6621 2
5901 2
3700 2
5866 2
6204 2
6926 2
1972 2
5787 2
7094 2
6376 2
4730 2
6777 2
6183 2
5591 2
4000 2
6918 2
6162 2
7267 2
5498 2
6620 2
4975 2
6590 2
5592 2
3611 2
7122 2
7459 2
7265 2
6468 2
7095 2
7242 2
4293 2
4859 2
5701 2
4372 2
5811 2
5185 2
5895 2
5293 2
4966 2
6036 2
5585 2
7351 2
5918 2
6187 2
5448 2
7029 2
6410 2
6097 2
7227 2
4157 2
6305 2
6220 2
6236 2
2579 2
6657 2
5497 2
3628 2
5261 2
2798 2
4508 2
7115 2
4922 2
5996 2
6363 2
3429 2
6516 2
3878 2
6578 2
4946 2
3580 2
4935 2
4185 2
3596 2
7382 2
1610 2
6550 2
7209 2
4398 2
5645 2
3832 2
4116 2
7188 2
5606 2
6850 2
6075 2
3600 2
6115 2
5251 2
6277 2
6366 2
7231 2
6361 2
7353 2
6477 2
3565 2
6729 2
3789 2
7066 2
3778 2
2592 2
5098 2
4135 2
6337 2
3639 2
2719 2
7082 2
2839 2
4535 2
6922 2
7479 2
6088 2
5985 2
6295 2
4988 2
4389 2
4035 2
5987 2
7266 2
7289 2
5051 2
5984 2
4436 2
6690 2
4440 2
2857 2
6701 2
5964 2
3788 2
4385 2
2254 2
4807 2
5912 2
2975 2
4137 2
7389 2
3259 2
4615 2
3453 2
4227 2
6509 2
6685 2
6774 2
5726 2
3284 2
5164 2
7072 2
6359 2
7039 2
6137 2
6285 2
4340 2
6270 2
7308 2
5558 2
6856 2
3537 2
1640 2
4315 2
7366 2
3975 2
3839 2
3385 2
4682 2
3172 2
6497 2
4624 2
7257 2
6413 2
4610 2
5928 2
5839 2
7248 2
5337 2
5396 2
5305 2
4934 2
5536 2
7117 2
2475 2
6275 2
2848 2
3994 2
5120 2
4093 2
7181 2
5582 2
1187 2
6762 2
7077 2
7485 2
5562 2
7436 2
5544 2
6044 2
6003 2
6757 2
5449 2
5447 2
6589 2
5412 2
7403 2
7299 2
4653 2
4132 2
7488 2
5317 2
4550 2
6763 2
6906 2
6437 2
4635 2
6820 2
6252 2
5492 2
4274 2
2242 2
6427 2
3534 2
5090 2
7430 2
5760 2
4121 2
2047 2
6521 2
5821 2
4002 2
3852 2
5107 2
5936 2
5237 2
5244 2
5927 2
5202 2
4088 2
5173 2
7158 2
6969 2
2518 2
4393 2
3481 2
2965 2
6551 2
5222 2
7439 2
5171 2
6783 2
7281 2
4480 2
5001 2
7159 2
3393 2
4396 2
7319 2
5612 2
1967 2
4435 2
7515 2
2673 2
3095 2
6595 2
7069 2
6418 2
5335 2
6982 2
5588 2
6483 2
7347 2
2694 2
3092 2
3884 2
6658 2
6756 2
5873 2
4606 2
5700 2
5382 2
3981 2
6699 2
7304 2
6454 2
4111 2
7048 2
1194 2
4173 2
7088 2
4239 2
6025 2
5956 2
7139 2
5976 2
1837 2
4077 2
4811 2
4593 2
3906 2
7423 2
6112 2
6127 2
3446 2
2005 2
6174 2
5129 2
5549 2
7331 2
6907 2
5109 2
3679 2
7033 2
6240 2
6476 2
6677 2
7009 2
7112 2
6466 2
3927 2
5957 2
4333 2
5141 2
4980 2
6001 2
7283 2
7337 2
2153 2
5403 2
6741 2
3646 2
6472 2
6211 2
4422 2
6720 2
3723 2
4364 2
4433 2
7007 2
3561 2
5995 2
6919 2
7162 2
6605 2
7464 2
4912 2
2340 2
7501 2
5589 2
6141 2
3942 2
6588 2
5649 2
3518 2
4960 2
5410 2
5753 2
5786 2
5640 2
5091 2
3439 2
2822 2
2928 2
5932 2
5854 2
5112 2
1705 2
2155 2
2648 2
6120 2
7014 2
5595 2
6041 2
7396 2
2984 2
2261 2
3579 2
2874 2
5565 2
3637 2
4886 2
4845 2
4014 2
4113 2
1689 2
5025 2
5809 2
6556 2
5467 2
4996 2
4037 2
4654 2
7504 2
6343 2
3064 2
7321 2
5159 2
6242 2
6027 2
7052 2
3363 2
1907 2
7316 2
6644 2
6350 2
5026 2
7165 2
4170 2
7015 2
4745 2
3051 2
6161 2
7498 2
1184 2
5092 2
6934 2
2389 2
6456 2
7023 2
1843 2
5207 2
5062 2
6263 2
3939 2
5887 2
4353 2
7110 2
3633 2
5455 2
6321 2
6606 2
7208 2
6882 2
2735 2
5703 2
6612 2
5534 2
5094 2
6837 2
7085 2
7234 2
7350 2
1596 2
4360 2
5600 2
3853 2
3865 2
6703 2
3724 2
6586 2
7368 2
5356 2
4089 2
2749 2
5948 2
2985 2
6831 2
6064 2
5945 2
2517 2
5624 2
7237 2
6164 2
6971 2
3532 2
4161 2
4835 2
7215 2
5345 2
6995 2
2506 2
3877 2
2451 2
5943 2
4184 2
6024 2
4927 2
7491 2
4468 2
4059 2
7038 2
5350 2
3531 2
5258 2
4938 2
5502 2
3171 2
3936 2
4939 2
6209 2
5542 2
3199 2
4208 2
2224 2
6438 2
6094 2
5499 2
2650 2
7313 2
1313 2
5747 2
5540 2
3759 2
6493 2
2198 2
6181 2
7166 2
6848 2
4118 2
6241 2
7172 2
5038 2
7125 2
6098 2
6885 2
5729 2
3300 2
3740 2
6113 2
3187 2
2333 2
2245 2
4289 2
6573 2
7394 2
5093 2
4997 2
7302 2
5893 2
5917 2
5043 2
4301 2
5837 2
6819 2
5732 2
3928 2
5061 2
5750 2
6821 2
6688 2
6678 2
5478 2
6659 2
6660 2
4756 2
6253 2
3581 2
4963 2
5114 2
5881 2
5284 2
6655 2
4217 2
3170 2
5719 2
7296 2
3118 2
4057 2
5785 2
5011 2
5325 2
6924 2
5377 2
5550 2
5714 2
7420 2
5428 2
6126 2
3617 2
6514 2
5357 2
7386 2
6571 2
5234 2
7246 2
3726 2
6463 2
6319 2
2647 2
5394 2
1998 2
2393 2
5812 2
5770 2
5145 2
4705 2
3742 2
3190 2
5711 2
5361 2
7024 2
1774 2
3645 2
7018 2
7450 2
4680 2
5911 2
6637 2
6927 2
3791 2
3876 2
7134 2
5712 2
5777 2
4630 2
2639 2
2247 2
5481 2
4270 2
1985 2
2693 2
7097 2
3157 2
5368 2
4601 2
4503 2
3570 2
5099 2
6920 2
7151 2
3725 2
7075 2
6697 2
5806 2
4603 2
7311 2
6549 2
6973 2
7130 2
4155 2
5755 2
2514 2
4471 2
4382 2
4958 2
7305 2
4785 2
5641 2
1239 2
6557 2
7467 2
3695 2
6228 2
2477 2
5590 2
7397 2
4529 2
6129 2
4493 2
7157 2
6462 2
7057 2
4029 2
7372 2
5444 2
7380 2
3969 2
6020 2
4551 2
5778 2
5843 2
4249 2
783 2
4580 2
5552 2
6180 2
3423 2
5689 2
6086 2
6159 2
4943 2
7244 2
4387 2
5441 2
5347 2
2759 2
3796 2
7120 2
7280 2
5000 2
5642 2
6125 2
6864 2
3843 2
7204 2
7164 2
6122 2
6827 2
4816 2
4554 2
4475 2
4331 2
3672 2
4519 2
6956 2
5106 2
2147 2
6759 2
3758 2
5360 2
7206 2
6602 2
4740 2
5521 2
7012 2
5310 2
4083 2
5157 2
6955 2
3507 2
6795 2
5882 2
3361 2
5440 2
4733 2
6938 2
7390 2
4582 2
3050 2
4264 2
4285 2
3640 2
6843 2
4156 2
7411 2
5801 2
5518 2
7373 2
6046 2
5371 2
6360 2
5874 2
2940 2
3334 2
3046 2
4693 2
1727 2
6132 2
6232 2
4362 2
3908 2
4605 2
3022 2
5769 2
3619 2
4025 2
3546 2
2743 2
3586 2
5833 2
4594 2
6196 2
2631 2
4830 2
5988 2
4226 2
4229 2
5705 2
4339 2
4872 2
6457 2
4447 2
2609 2
4809 2
6669 2
6353 2
5167 2
6441 2
5799 2
6274 2
4127 2
3326 2
3604 2
5418 2
4501 2
5805 2
4286 2
2347 2
7004 2
5890 2
3107 2
6199 2
5255 2
6031 2
5883 2
5474 2
5816 2
3428 2
5484 2
6565 2
3088 2
1626 2
7253 2
3625 2
6698 2
4343 2
2953 2
4114 2
2273 2
6504 2
6596 2
3988 2
6324 2
5655 2
5654 2
6153 2
5419 2
2819 2
4176 2
4371 2
6943 2
5204 2
4172 2
3748 2
6972 2
2986 2
3805 2
7126 2
5788 2
6537 2
3959 2
2346 2
6679 2
5962 2
2305 2
5488 2
7349 2
4204 2
7472 2
2729 2
3594 2
3738 2
7184 2
5490 2
6888 2
6735 2
7084 2
6928 2
6614 2
5779 2
3434 2
5741 2
5864 2
3369 2
3436 2
4196 2
6156 2
1165 2
4574 2
5150 2
4253 2
6386 2
2957 2
4685 2
2140 2
5422 2
2636 2
6347 2
6455 2
7326 2
4782 2
3517 2
7036 2
6303 2
4295 2
2551 2
3866 2
5013 2
3674 2
5364 2
5934 2
5566 2
7182 2
4152 2
3635 2
5807 2
6451 2
5184 2
5813 2
5783 2
6842 2
5318 2
7020 2
3821 2
5390 2
5383 2
5796 2
7081 2
5081 2
2003 2
6143 2
2796 2
4248 2
7484 2
7243 2
3795 2
6570 2
7152 2
4332 2
4100 2
5121 2
6992 2
5221 2
5288 2
3451 2
3671 2
5551 2
3896 2
5334 2
6851 2
2787 2
2723 2
3577 2
4776 2
4144 2
6182 2
2677 2
4715 2
7078 2
3814 2
6761 2
5402 2
4800 2
6834 2
6692 2
1723 2
2002 2
5631 2
6385 2
5147 2
4095 2
6994 2
6814 2
5514 2
5784 2
4838 2
6200 2
3419 2
6207 2
5229 2
5152 2
4834 2
5836 2
4190 2
6667 2
6529 2
6628 2
4645 2
2726 2
4183 2
4344 2
6352 2
6711 2
4984 2
4139 2
6706 2
5295 2
5896 2
7003 2
4450 2
4989 2
6276 2
3665 2
1398 2
3030 2
5748 2
6286 2
4058 2
5625 2
1996 2
3468 2
5545 2
3309 2
6227 2
6600 2
4126 2
6066 2
3248 2
1581 2
7514 2
5342 2
6265 2
4805 2
4465 2
7218 2
2416 2
7056 2
4739 2
7303 2
5299 2
5430 2
5197 2
2576 2
7040 2
4224 2
5212 2
5175 2
6682 2
5547 2
7282 2
3919 2
6750 2
7175 2
3944 2
3448 2
4214 2
6213 2
7365 2
6298 2
4600 2
2888 2
4266 2
5579 2
7441 2
7340 2
5233 2
5757 2
6891 2
6782 2
6478 2
7263 2
6863 2
6719 2
6933 2
4496 2
6048 2
5393 2
6629 2
5527 2
5462 2
5803 2
7312 2
5246 2
5017 2
5452 2
5427 2
5713 2
4820 2
7212 2
6138 2
4182 2
5060 2
6312 2
4348 2
5181 2
7058 2
6434 2
4250 2
2909 2
6700 2
7440 2
5997 2
6953 2
6569 2
4417 2
3076 2
7335 2
1745 2
5658 2
7224 2
6342 2
4150 2
6269 2
3331 2
6250 2
7028 2
3081 2
3250 2
4122 2
4677 2
4862 2
7388 2
6945 2
4527 2
1360 2
3842 2
4679 2
4727 2
4284 2
6382 2
5686 2
5525 2
5991 2
2458 2
2937 2
7314 2
5960 2
3993 2
3286 2
6485 2
1929 2
3680 2
3479 2
4198 2
1758 2
4722 2
5432 2
3709 2
6916 2
6222 2
6423 2
5216 2
5417 2
3614 2
5583 2
2890 2
6511 2
6475 2
4003 2
6151 2
3514 2
6272 2
6855 2
5847 2
6040 2
6643 2
5140 2
5884 2
6951 2
3960 2
2844 2
4779 2
5095 2
6257 2
5479 2
7090 2
3658 2
4737 2
6202 2
7318 2
5272 2
4657 2
6654 2
3217 2
4225 2
5946 2
5916 2
5127 2
2603 2
1609 2
3444 2
7429 2
5977 2
2308 2
4317 2
4880 2
4570 2
4504 2
5198 2
5161 2
6325 2
3499 2
6564 2
6736 2
4981 2
6903 2
6054 2
2473 2
3563 2
3952 2
5247 2
7419 2
4695 2
6176 2
5240 2
5220 2
6317 2
3730 2
3462 2
7264 2
5838 2
6742 2
5228 2
6500 2
5627 2
7046 2
6043 2
5820 2
5384 2
6793 2
5662 2
3763 2
6429 2
4401 2
3871 2
6959 2
6801 2
6768 2
6695 2
7173 2
7487 2
4986 2
6527 2
3880 2
6813 2
3568 2
2849 2
4750 2
5019 2
4700 2
3152 2
3692 2
2754 2
4459 2
5195 2
4415 2
7342 2
3026 2
6990 2
1557 2
3875 2
4458 2
6604 2
5763 2
6714 2
3503 2
6414 2
5990 2
5524 2
5607 2
6077 2
5659 2
7456 2
3744 2
1457 2
4171 2
4276 2
7376 2
7143 2
6771 2
7448 2
5610 2
4917 2
3949 2
5727 2
7494 2
6515 2
7068 2
2948 2
2408 2
5226 2
7508 2
4416 2
6559 2
6617 2
5188 2
6716 2
5373 2
4006 2
6300 2
2066 2
2283 2
2959 2
5734 2
6106 2
5739 2
5124 2
5339 2
6544 2
5907 2
6798 2
6175 2
5413 2
3080 2
3953 2
4977 2
3576 2
6005 2
4509 2
5702 2
2248 2
6383 2
7241 2
2145 2
2205 2
5064 2
7138 2
6726 2
7445 2
5571 2
6954 2
3728 2
5052 2
7431 2
5151 2
5578 2
3987 2
5113 2
7310 2
7516 2
4893 2
3315 2
4242 2
6598 2
6960 2
6433 2
6355 2
5136 2
6583 2
6582 2
4667 2
7462 2
4769 2
6663 2
6279 2
6465 2
5695 2
7042 2
7256 2
7146 2
4215 2
7483 2
7279 2
3485 2
6247 2
2676 2
7325 2
5201 2
6640 2
7255 2
3806 2
5825 2
4483 2
1541 2
4784 2
6313 2
2756 2
6179 2
5845 2
7019 2
3905 2
5644 2
7144 2
4046 2
7496 2
5706 2
5434 2
3863 2
5766 2
2622 2
5024 2
3703 2
5008 2
2703 2
4530 2
2708 2
4735 2
5429 2
2370 2
4909 2
6018 2
4379 2
2469 2
4868 2
6676 2
3794 2
6722 2
4305 2
3982 2
6816 2
6460 2
6811 2
3592 2
6747 2
2483 2
5736 2
7113 2
6732 2
5743 2
5879 2
3706 2
5075 2
2883 2
4115 2
5057 2
2180 2
7236 2
1365 2
6332 2
3536 2
6561 2
3966 2
6379 2
4729 2
7457 2
2186 2
5500 2
3984 2
5485 2
5138 2
6152 2
6539 2
7482 2
5470 2
2707 2
4209 2
3431 2
4865 2
4321 2
5639 2
3950 2
4714 2
6030 2
3562 2
6555 2
4349 2
5300 2
5633 2
6069 2
5840 2
7359 2
6403 2
2264 2
6913 2
4676 2
6283 2
3669 2
3414 2
3731 2
5880 2
5852 2
3656 2
5538 2
4719 2
3824 2
1296 2
3802 2
6923 2
7214 2
4306 2
3698 2
5187 2
7061 2
5876 2
4795 2
3553 2
6708 2
5331 2
6294 2
6642 2
6872 2
2845 3
3651 3
1785 3
1195 3
4891 3
4211 3
1598 3
1833 3
1895 3
4864 3
4390 3
3193 3
4129 3
4754 3
4177 3
3566 3
4409 3
2911 3
1372 3
3266 3
2434 3
4109 3
5104 3
3070 3
5009 3
4287 3
2804 3
2575 3
4773 3
2412 3
2906 3
2690 3
4175 3
4499 3
1814 3
1406 3
3543 3
4103 3
3903 3
4908 3
3383 3
4764 3
2776 3
4472 3
4231 3
2817 3
2100 3
4757 3
3955 3
2908 3
2366 3
1943 3
4827 3
3867 3
3082 3
2505 3
3771 3
4015 3
3704 3
3285 3
3657 3
5123 3
3934 3
3967 3
4869 3
1339 3
4142 3
3755 3
4178 3
5082 3
3301 3
4553 3
2788 3
3958 3
2413 3
4460 3
4982 3
1525 3
2597 3
3101 3
4141 3
1889 3
2855 3
3168 3
3321 3
3589 3
2758 3
4366 3
4169 3
2373 3
4024 3
4119 3
3803 3
3761 3
3819 3
3496 3
2084 3
3341 3
2925 3
1827 3
2701 3
3777 3
4514 3
2666 3
3911 3
4945 3
4330 3
1949 3
2369 3
4510 3
2139 3
2061 3
1305 3
4531 3
2079 3
3855 3
2448 3
2691 3
2380 3
4947 3
2922 3
3103 3
3041 3
2343 3
4668 3
1617 3
2670 3
2620 3
3883 3
3686 3
2610 3
2255 3
2455 3
2832 3
2590 3
2471 3
1085 3
3042 3
4186 3
3498 3
2115 3
2474 3
3281 3
4640 3
4749 3
1709 3
2769 3
4148 3
2680 3
4923 3
2051 3
2917 3
3177 3
4596 3
3243 3
2854 3
1322 3
2289 3
3063 3
4378 3
1951 3
2302 3
2800 3
2461 3
2835 3
2674 3
4801 3
4050 3
2821 3
4233 3
4951 3
4638 3
3783 3
4359 3
2876 3
4772 3
4446 3
4051 3
2863 3
1633 3
2745 3
3511 3
2126 3
4748 3
4747 3
4877 3
4895 3
4639 3
3324 3
4771 3
4597 3
1436 3
4964 3
3716 3
4282 3
3913 3
4712 3
3530 3
3547 3
1703 3
5111 3
2894 3
4765 3
4590 3
3540 3
2006 3
2930 3
3910 3
4919 3
1585 3
3440 3
2266 3
5131 3
4910 3
1797 3
2415 3
4602 3
5142 3
1756 3
2618 3
3643 3
3035 3
3506 3
3826 3
2127 3
3887 3
4469 3
2907 3
4053 3
4959 3
5072 3
3818 3
3121 3
4688 3
4067 3
4696 3
3545 3
3764 3
3312 3
3856 3
1901 3
3736 3
4763 3
2449 3
3038 3
2564 3
4861 3
4848 3
4205 3
3034 3
2426 3
3606 3
3784 3
3957 3
3461 3
2445 3
5116 3
3946 3
2945 3
1643 3
3720 3
4858 3
3782 3
2397 3
2350 3
3418 3
2710 3
4642 3
3059 3
2069 3
4792 3
1940 3
3145 3
4706 3
5067 3
3588 3
1716 3
4467 3
2936 3
1664 3
4411 3
2281 3
5010 3
1860 3
3100 3
2501 3
3147 3
3299 3
2512 3
4525 3
1963 3
2056 3
4310 3
2507 3
2770 3
4950 3
2640 3
4646 3
3551 3
3003 3
2991 3
1089 3
5070 3
3120 3
3985 3
1869 3
4357 3
5132 3
4940 3
3897 3
2934 3
4866 3
4453 3
2303 3
3555 3
2820 3
4924 3
4438 3
5125 3
2378 3
3828 3
2567 3
4036 3
4275 3
4828 3
2322 3
2133 3
3276 3
3483 3
2621 3
4060 3
1642 3
3500 3
2429 3
5005 3
1022 3
3311 3
1749 3
2682 3
1294 3
5108 3
4941 3
4846 3
4920 3
2362 3
4030 3
3644 3
2946 3
3772 3
3112 3
3319 3
3202 3
3541 3
3133 3
4850 3
5054 3
5055 3
5126 3
2583 3
2715 3
3119 3
4041 3
3521 3
3074 3
3765 3
4080 3
4005 3
1971 3
2299 3
3057 3
3621 3
1279 3
2143 3
4697 3
2970 3
4649 3
4566 3
4592 3
3741 3
4223 3
1712 3
2246 3
4075 3
1710 3
2662 3
4395 3
1278 3
4267 3
2209 3
4903 3
4299 3
3595 3
2625 3
2306 3
3397 3
3945 3
4105 3
4062 3
2150 3
3907 3
4755 3
3093 3
3590 3
4662 3
2157 3
4752 3
2444 3
3833 3
2423 3
2220 3
4842 3
3701 3
4928 3
2487 3
765 3
3685 3
5058 3
2049 3
4607 3
4839 3
3835 3
897 3
3126 3
3020 3
1527 3
2240 3
4702 3
1572 3
3195 3
2731 3
2222 3
2499 3
3827 3
4897 3
5046 3
4969 3
2700 3
3920 3
471 3
4523 3
3447 3
3990 3
4511 3
1461 3
2958 3
4218 3
4038 3
3684 3
4419 3
1911 3
4236 3
4643 3
3659 3
3455 3
2325 3
3793 3
4461 3
5027 3
4153 3
3848 3
2405 3
4723 3
4108 3
2275 3
5033 3
4251 3
3131 3
2544 3
4870 3
3108 3
4491 3
3573 3
3186 3
3007 3
4490 3
1890 3
3526 3
2151 3
2877 3
4609 3
4853 3
2484 3
4995 3
703 3
4777 3
2447 3
5083 3
3585 3
2062 3
2400 3
5032 3
1236 3
4578 3
5096 3
2398 3
4388 3
4298 3
3198 3
4244 3
4011 3
2704 3
2988 3
1229 3
3435 3
3702 3
4174 3
2121 3
2924 3
2491 3
4425 3
3572 3
4588 3
4423 3
4380 3
2717 3
4044 3
2135 3
2372 3
2716 3
4441 3
3622 3
4070 3
4123 3
4882 3
2361 3
4979 3
2954 3
3058 3
1663 3
3465 3
2004 3
4698 3
4078 3
1772 3
3542 3
5023 3
944 3
3768 3
1697 3
1373 3
4571 3
2645 3
1349 3
4268 3
2177 3
2971 3
5122 3
2777 3
3454 3
3705 3
2411 3
4790 3
3785 3
3668 3
3421 3
2692 3
4589 3
2249 3
3749 3
1573 3
4587 3
4669 3
3200 3
3192 3
4831 3
2122 3
1237 3
894 3
3213 3
4334 3
4731 3
4961 3
2851 3
3901 3
3132 3
5022 3
2697 3
5036 3
3265 3
3739 3
5045 3
3717 3
3023 3
2702 3
2987 3
3430 3
4474 3
4608 3
2511 3
4637 3
3838 3
4513 3
2300 3
2541 3
2022 3
3153 3
2420 3
3289 3
1452 3
4312 3
2611 3
3426 3
2933 3
2775 3
4090 3
2314 3
3602 3
1867 3
4335 3
3175 3
4181 3
4576 3
4064 3
1107 3
3699 3
3445 3
5084 3
3379 3
4829 3
3968 3
3917 3
1282 3
2513 3
3661 3
2882 3
3823 3
4633 3
2462 3
1480 3
2552 3
2604 3
5115 3
2459 3
1189 3
3294 3
1836 3
3125 3
1255 3
4911 3
2929 3
2550 3
1960 3
4408 3
2989 3
3766 3
1981 3
1759 3
3094 3
4987 3
4826 3
4537 3
2295 3
2886 3
2668 3
3978 3
1904 3
1232 3
3390 3
4107 3
4675 3
3138 3
1688 3
3347 3
2016 3
4325 3
2918 3
3970 3
3584 3
3044 3
1567 3
4916 3
1615 3
2757 3
2711 3
2391 3
4543 3
2532 3
2479 3
3036 3
4932 3
3539 3
4328 3
4120 3
2129 3
1340 3
3216 3
5007 3
2792 3
4106 3
3840 3
4968 3
2020 3
3613 3
5139 3
2960 3
3105 3
3002 3
1881 3
4297 3
3087 3
3362 3
4131 3
2663 3
2969 3
3306 3
4616 3
1624 3
3072 3
2818 3
4559 3
3109 3
2274 3
1574 3
4808 3
3902 3
3932 3
3320 3
3810 3
2685 3
2761 3
4978 3
4271 3
3412 3
4832 3
3329 3
4322 3
5044 3
4199 3
4711 3
4076 3
3548 3
3525 3
4691 3
3090 3
4720 3
1802 3
2837 3
3204 3
4806 3
4627 3
3442 3
2424 3
1472 3
3898 3
4562 3
3891 3
3011 3
1872 3
2850 3
4096 3
1671 3
3062 3
1210 3
3173 3
1459 3
2013 3
1835 3
2581 3
2897 3
3404 3
3422 3
5028 3
2920 3
3308 3
2174 3
4192 3
2345 3
1447 3
4896 3
4016 3
3154 3
4026 3
2414 3
4350 3
4871 3
1326 3
3097 3
3811 3
3729 3
3882 3
4813 3
2811 3
2580 3
2542 3
4027 3
3601 3
3079 3
2558 3
2296 3
2823 3
4428 3
2271 3
2253 3
1821 3
3535 3
1198 3
3924 3
1161 3
3786 3
2402 3
3085 3
2589 3
2327 3
4487 3
3302 3
2724 3
2789 3
2292 3
2202 3
4031 3
4647 3
4402 3
4778 3
1273 3
3690 3
1356 3
2826 3
4235 3
3752 3
3037 3
2941 3
2686 3
4724 3
349 3
3512 3
4345 3
5119 3
2870 3
4430 3
2824 3
3162 3
2538 3
2755 3
3477 3
2950 3
1563 3
4072 3
3708 3
5086 3
4716 3
4658 3
3179 3
4572 3
2328 3
2995 3
3868 3
3279 3
3522 3
3232 3
4337 3
5056 3
2243 3
4084 3
4521 3
2438 3
4863 3
2335 3
3360 3
2257 3
2259 3
3623 3
4520 3
1900 3
2927 3
3964 3
2751 3
3676 3
2293 3
2879 3
3290 3
3597 3
2742 3
3460 3
2653 3
3620 3
4291 3
4071 3
3760 3
5016 3
3084 3
3225 3
3060 3
2727 3
2873 3
3211 3
3648 3
4397 3
3068 3
1155 3
3352 3
2884 3
3851 3
3029 3
2795 3
4894 3
2977 3
2831 3
4245 3
2624 3
5053 3
4462 3
1594 3
4613 3
3989 3
2859 3
4851 3
4004 3
3655 3
1841 3
2807 3
4619 3
4488 3
2634 3
1851 3
1861 3
2262 3
4957 3
3527 3
3769 3
1990 3
3641 3
967 3
1657 3
2509 3
3114 3
3449 3
3298 3
1858 3
3323 3
3174 3
2613 3
2337 3
3336 3
4699 3
4875 3
3344 3
2288 3
4377 3
4068 3
3014 3
4793 3
2938 3
2117 3
3513 3
4429 3
3495 3
3734 3
4272 3
4445 3
3979 3
1938 3
5074 3
1724 3
3972 3
3591 3
3609 3
2279 3
2029 3
3691 3
2713 3
2120 3
3694 3
3163 3
2529 3
3345 3
5039 3
2439 3
4921 3
3474 3
4133 3
4671 3
4651 3
4336 3
1762 3
4913 3
4555 3
4532 3
1474 3
4663 3
4323 3
3583 3
1352 3
3971 3
1838 3
2805 3
2889 3
3921 3
3487 3
4288 3
4008 3
2215 3
4265 3
2790 3
3425 3
4822 3
2992 3
2964 3
4683 3
4213 3
4040 3
3688 3
3161 3
1677 3
2943 3
4432 3
1583 3
3010 3
2441 3
2753 3
4670 3
2802 3
3280 3
4900 3
4874 3
4992 3
3610 3
3593 3
3904 3
2481 3
4965 3
3678 3
876 3
3666 3
2130 3
3244 3
1954 3
2119 3
3915 3
1822 3
2365 3
2358 3
3178 3
3025 3
3376 3
3475 3
2709 3
3201 3
3757 3
4354 3
3642 3
2376 3
2596 3
4847 3
3065 3
3215 3
1600 3
2878 3
5089 3
1276 3
1227 3
2494 3
4247 3
4884 3
3293 3
2137 3
2498 3
4043 3
5004 3
3746 3
2915 3
4599 3
3256 3
4573 3
2399 3
4517 3
3797 3
5063 3
3745 3
4021 3
3817 3
2571 3
3515 3
4162 3
4836 3
1580 3
2951 3
3018 3
2377 3
2696 3
2040 3
4887 3
4901 3
4019 3
3743 3
1673 3
3470 3
3253 3
3021 3
1787 3
1382 3
4074 3
2185 3
2149 3
4136 3
3183 3
4052 3
4944 3
2520 3
4707 3
4207 3
3099 3
4146 3
4652 3
3998 3
4143 3
4721 3
1874 3
1898 3
5031 3
1683 3
2556 3
4612 3
2750 3
3737 3
3662 3
3630 3
2502 3
2582 3
1565 3
694 3
3406 3
4929 3
4212 3
2778 3
4404 3
3322 3
4351 3
2138 3
2840 3
2626 3
2396 3
3638 3
3846 3
2495 3
3986 3
2310 3
3228 3
1773 3
4277 3
3510 3
2344 3
4888 3
2875 3
3681 3
4819 3
3473 3
3933 3
4930 3
4549 3
2214 3
2892 3
3380 3
4342 3
1909 3
3156 3
3288 3
2111 3
1217 3
1649 3
4260 3
2602 3
3974 3
3346 3
2657 3
4540 3
3520 3
4906 3
3816 3
4257 3
4810 3
3552 3
2404 3
3236 3
2456 3
4664 3
4158 3
4203 3
4206 3
4889 3
5048 3
3995 3
3278 3
5076 3
910 3
4418 3
3976 3
3144 3
4843 3
3858 3
3165 3
2956 3
4326 3
3432 3
5030 3
2403 3
1201 3
3438 3
1830 3
1754 3
4526 3
3325 3
3872 3
4479 3
4232 3
4759 3
4738 3
3931 3
2241 3
3652 3
3206 3
4431 3
3019 3
3328 3
2368 3
2539 3
4278 3
3089 3
3879 3
1577 3
3677 3
3484 3
4661 3
3533 3
3241 3
4883 3
2236 3
1444 3
3849 3
4802 3
3857 3
2979 3
1162 3
4001 3
3237 3
3660 3
5101 3
3491 3
4774 3
3627 3
2641 3
3940 3
4533 3
1863 3
4188 3
2428 3
3524 3
3466 3
2841 3
4147 3
1083 3
3899 3
2216 3
1188 3
3469 3
2898 3
2276 3
1286 3
3612 3
3185 3
3411 3
5059 3
4412 3
3083 3
4681 3
2161 3
2203 3
4179 3
4164 3
4825 3
4386 3
4505 3
4346 3
4852 3
3996 3
5130 3
2134 3
4860 3
5079 3
4010 3
1656 3
3478 3
4102 3
3113 3
2320 3
3381 3
3516 3
1154 3
4163 3
3350 3
2432 3
3781 3
2767 3
4625 3
2599 3
3983 3
3711 3
1475 3
3954 3
4743 3
3359 3
3925 3
960 3
1138 3
3753 3
3189 3
4273 3
2331 3
1729 3
3159 3
3024 3
2786 3
1796 3
4055 3
2189 3
4618 3
1552 3
2500 3
1806 3
1944 3
4926 3
5143 3
2843 3
2536 3
3208 3
1422 3
2966 3
1978 3
1670 3
3886 3
2156 3
2963 3
2771 3
4045 3
4448 3
2944 3
2638 3
4262 3
2827 3
4219 3
4066 3
1119 3
3261 3
2555 3
4708 3
5110 3
5021 3
4856 3
4358 3
1920 3
2784 3
4692 3
2525 3
1092 3
2375 3
1442 3
1614 3
4925 3
2354 3
4400 3
1807 3
2829 3
2976 3
1919 3
4061 3
2028 3
2385 3
5073 3
3587 3
2031 3
1811 3
3997 3
5118 3
4200 3
4478 3
4766 3
2736 3
2075 3
3489 3
2566 3
2656 3
4539 3
2433 3
5035 3
1471 3
3538 3
2039 3
3472 3
4154 3
1263 3
3401 3
2392 3
1936 3
978 3
4149 3
3697 3
2011 3
2561 3
3317 3
2803 3
4376 3
3559 3
3834 3
4821 3
2280 3
4837 3
5135 3
2321 3
3732 3
3916 3
2587 3
4327 3
1589 3
2996 3
3348 3
1684 3
4498 3
4032 3
1910 3
3205 3
4318 3
2872 3
1780 3
2559 3
4290 3
3820 3
2524 3
4347 3
4138 3
3275 3
1969 3
2508 3
4099 3
2810 3
2543 3
3754 3
4655 3
2905 3
4583 3
3420 3
3219 3
5068 3
2748 3
3557 3
3673 3
4481 3
2549 3
2269 3
2114 3
4237 3
4794 3
2067 3
4956 3
1579 3
941 3
3227 3
2705 3
2287 3
1686 3
3664 3
1775 3
4222 3
2814 3
3683 3
1899 3
2496 3
4746 3
4732 3
4558 3
1891 3
3399 3
4538 3
1515 3
4552 3
1077 3
4967 3
4690 3
4885 3
3829 3
4375 3
3124 3
4595 3
3733 3
4936 3
4477 3
774 4
1721 4
883 4
2528 4
2212 4
1005 4
3291 4
3233 4
1669 4
1982 4
3295 4
2352 4
1060 4
1595 4
2605 4
3040 4
3203 4
1973 4
2828 4
1032 4
3143 4
2649 4
2353 4
3015 4
882 4
2146 4
2063 4
3337 4
1576 4
2562 4
3136 4
1230 4
1976 4
2812 4
3043 4
2452 4
1084 4
2090 4
1908 4
2159 4
782 4
1175 4
648 4
1268 4
1065 4
2116 4
785 4
1318 4
2194 4
807 4
1277 4
1779 4
949 4
1659 4
2336 4
1034 4
2999 4
1407 4
3098 4
2041 4
1665 4
2270 4
1672 4
3139 4
2442 4
3247 4
1922 4
605 4
2865 4
2522 4
2504 4
2339 4
1701 4
2780 4
1380 4
2052 4
3028 4
1694 4
2379 4
2760 4
2019 4
2904 4
1423 4
3017 4
1602 4
3123 4
2763 4
3372 4
1966 4
1450 4
3223 4
1048 4
1003 4
1820 4
1700 4
2307 4
2478 4
1864 4
3006 4
1245 4
1764 4
2142 4
2332 4
2330 4
3368 4
2838 4
2440 4
1768 4
2421 4
1534 4
2493 4
1720 4
2316 4
2085 4
1485 4
2443 4
1918 4
2110 4
3313 4
2722 4
2406 4
2000 4
2842 4
1848 4
2799 4
3086 4
2862 4
2801 4
1939 4
2383 4
2997 4
3373 4
3297 4
2489 4
853 4
2766 4
2367 4
3151 4
2394 4
2998 4
2712 4
1794 4
1408 4
3135 4
1539 4
1553 4
2093 4
2431 4
2793 4
1448 4
1810 4
2825 4
2967 4
3160 4
1730 4
2435 4
2284 4
1844 4
2381 4
1927 4
1884 4
1818 4
1233 4
3353 4
3374 4
2548 4
1540 4
1498 4
2334 4
1000 4
2304 4
3150 4
980 4
2923 4
3339 4
881 4
741 4
1652 4
1945 4
2895 4
880 4
1679 4
1681 4
3354 4
1341 4
1888 4
2990 4
2706 4
2720 4
2600 4
2497 4
866 4
3134 4
2672 4
2018 4
995 4
1953 4
2747 4
2178 4
3049 4
3075 4
2836 4
2949 4
2094 4
2035 4
2106 4
2359 4
2916 4
1859 4
2856 4
3167 4
2910 4
2191 4
1607 4
3218 4
2546 4
3387 4
3272 4
1105 4
2565 4
1793 4
1051 4
2187 4
2952 4
1397 4
2012 4
1849 4
1828 4
2537 4
2615 4
2891 4
2896 4
1975 4
3409 4
1224 4
2317 4
3071 4
2453 4
1856 4
1364 4
3069 4
2527 4
902 4
1425 4
1507 4
3146 4
974 4
1637 4
1719 4
2437 4
2981 4
1906 4
2721 4
1606 4
1306 4
2545 4
2260 4
2961 4
1512 4
2301 4
3251 4
2450 4
3234 4
1897 4
2847 4
1488 4
1644 4
3287 4
2244 4
1344 4
2171 4
1660 4
2978 4
2226 4
2341 4
2594 4
2681 4
2598 4
2733 4
2932 4
2664 4
2593 4
3262 4
3209 4
872 4
1317 4
1103 4
3012 4
1666 4
3230 4
1130 4
712 4
3332 4
3264 4
1913 4
1258 4
2530 4
2229 4
2563 4
1462 4
1036 4
1933 4
1215 4
2921 4
2574 4
2683 4
2313 4
1428 4
1732 4
3182 4
3142 4
1777 4
1842 4
1894 4
2607 4
2463 4
3016 4
2718 4
1134 4
1336 4
1521 4
1726 4
2553 4
3396 4
2023 4
2864 4
1886 4
1075 4
1473 4
1977 4
2102 4
1680 4
2064 4
1292 4
1805 4
1095 4
3377 4
2071 4
1405 4
2591 4
2852 4
2223 4
2741 4
1584 4
2388 4
3270 4
2118 4
1873 4
1942 4
2298 4
2348 4
2554 4
802 4
2371 4
1704 4
1269 4
2601 4
2384 4
1330 4
2464 4
2669 4
1587 4
2867 4
3303 4
2900 4
3155 4
2154 4
1752 4
2190 4
3357 4
2467 4
3052 4
1883 4
1310 4
1798 4
2109 4
3375 4
2519 4
2846 4
3110 4
2291 4
1769 4
1743 4
1914 4
2407 4
1770 4
2633 4
2176 4
2468 4
1986 4
1387 4
1568 4
2752 4
946 4
3005 4
1924 4
2612 4
2510 4
1582 4
2286 4
1635 4
2572 4
2994 4
2233 4
2866 4
1654 4
1708 4
2725 4
1206 4
3263 4
1492 4
2089 4
1748 4
2263 4
2277 4
2123 4
933 4
3078 4
2586 4
2606 4
2773 4
2902 4
1879 4
1853 4
1388 4
1845 4
3274 4
2025 4
1687 4
879 4
3196 4
1750 4
2077 4
1692 4
1080 4
1212 4
1926 4
2107 4
2218 4
2678 4
1925 4
3197 4
2101 4
1532 4
1518 4
2482 4
1690 4
2926 4
2065 4
1958 4
2584 4
3413 4
2861 4
1413 4
3342 4
2048 4
2764 4
3001 4
1829 4
1788 4
2351 4
1753 4
1923 4
2175 4
2569 4
685 4
1799 4
2026 4
1593 4
3013 4
3111 4
1555 4
2629 4
1698 4
2885 4
3226 4
921 4
2144 4
2125 4
2324 4
2326 4
1789 4
790 4
2595 4
1713 4
1784 4
1374 4
2228 4
2739 4
3351 4
1411 4
1197 4
1202 4
3127 4
2947 4
1559 4
3371 4
1896 4
1776 4
2573 4
2665 4
3009 4
1766 4
878 4
2387 4
2797 4
3366 4
1467 4
2570 4
2342 4
1696 4
1396 4
1621 4
3358 4
3194 4
3246 4
2655 4
1604 4
1354 4
2486 4
1495 4
1261 4
3188 4
2868 4
1259 4
3384 4
3400 4
2935 4
1916 4
2091 4
2297 4
1854 4
2476 4
2470 4
2446 4
1685 4
2931 4
2251 4
2188 4
3104 4
1101 4
2068 4
2955 4
2237 4
2535 4
2221 4
1871 4
2425 4
1987 4
3221 4
1096 4
1731 4
1693 4
1786 4
3258 4
2644 4
2227 4
1533 4
2357 4
1955 4
2132 4
1771 4
3039 4
2628 4
1792 4
1174 4
1284 4
2738 4
3047 4
3282 4
1834 4
962 4
2887 4
2488 4
1053 4
3356 4
3314 4
2234 4
1267 4
845 4
2557 4
2993 4
3296 4
2050 4
2919 4
2869 4
2152 4
2853 4
2167 4
751 4
3245 4
582 4
3166 4
1004 4
1520 4
1142 4
2030 4
1932 4
636 4
3210 4
1136 4
1826 4
1091 4
1207 4
1546 4
1984 4
2614 4
2010 4
3283 4
3386 4
3349 4
2195 4
3054 4
2661 4
1877 4
2659 4
1592 4
3395 4
2783 4
2740 4
1490 4
3140 4
2980 4
2282 4
1846 4
1647 4
2294 4
3212 4
2148 4
905 4
2834 4
3158 4
2192 4
3229 4
3137 4
3255 4
3305 4
1274 4
2422 4
1122 4
2816 4
2087 4
1803 4
3370 4
2430 4
3239 4
3318 4
2772 4
2386 4
1612 4
1151 4
2689 4
2374 4
1320 4
2728 4
812 4
718 4
1662 4
992 4
1331 4
1335 4
2160 4
2660 4
2762 4
1513 4
3184 4
3116 4
1999 4
1850 4
1519 4
2231 4
3122 4
3389 4
1332 4
2912 4
1489 4
2871 4
2914 4
3277 4
1839 4
3238 4
1875 4
3252 4
3191 4
2078 4
3031 4
2272 4
1262 4
2585 4
1529 4
887 4
2235 4
1304 4
2360 4
2163 4
1200 4
3130 4
3391 4
3149 4
3141 4
3053 4
2768 4
1476 4
2059 4
1530 4
1170 4
1613 4
1301 4
1179 4
1337 4
1878 4
2252 4
1994 4
2001 4
1548 4
2490 4
3073 4
1812 4
917 4
2646 4
2225 4
1052 4
1299 4
3267 4
1717 4
1316 4
1508 4
1067 4
932 4
2454 4
1590 4
2083 4
1040 4
3096 4
2485 4
1149 4
2082 4
3067 4
3220 4
2043 4
867 4
1479 4
1298 4
1441 4
2637 4
749 4
2794 4
1099 4
2465 4
2096 4
2913 4
973 4
1169 4
2774 4
2472 4
2635 4
1182 4
3106 4
2833 4
1366 4
2057 4
3316 4
1813 4
2250 4
1997 4
1578 4
2815 4
957 4
1097 4
2714 4
2781 4
1484 4
2278 4
1852 4
1747 4
2311 4
3407 4
2112 4
1399 4
1733 4
1164 4
2267 4
1661 4
1270 4
3117 4
1831 4
2616 4
2042 4
2515 4
2319 4
2141 4
1049 4
2617 4
1625 4
2197 4
1333 4
2103 4
1379 4
1575 4
2168 4
2179 4
2791 4
2684 4
2671 4
1880 4
1648 4
2046 4
846 4
2608 4
2427 4
2164 4
2982 4
1389 4
1012 4
2074 4
1260 4
1528 4
3231 4
2364 4
2419 4
2081 4
2658 4
1992 4
1297 4
2285 4
2124 4
2516 4
1564 4
2009 4
1630 4
1570 4
1308 4
1711 4
1439 5
1995 5
2032 5
1451 5
2165 5
1220 5
1825 5
1222 5
1641 5
1324 5
1549 5
1329 5
1862 5
2201 5
899 5
1121 5
874 5
639 5
1935 5
1351 5
2099 5
1506 5
2095 5
603 5
1302 5
1390 5
985 5
1104 5
1728 5
2105 5
1418 5
1470 5
956 5
1014 5
793 5
1243 5
1738 5
1123 5
1893 5
1319 5
1144 5
2217 5
1739 5
1238 5
1338 5
1948 5
833 5
1699 5
1569 5
233 5
1487 5
2008 5
602 5
2080 5
1538 5
1736 5
1497 5
930 5
825 5
2184 5
1348 5
1682 5
1622 5
2172 5
573 5
1627 5
679 5
468 5
1783 5
1605 5
2024 5
2037 5
1618 5
2058 5
1353 5
1453 5
1763 5
691 5
1419 5
1957 5
1668 5
1601 5
1272 5
1100 5
550 5
1868 5
1054 5
804 5
2060 5
2088 5
1887 5
1547 5
1072 5
1145 5
1991 5
1203 5
1551 5
2211 5
1882 5
1023 5
1434 5
1199 5
1816 5
2182 5
1988 5
761 5
1961 5
1742 5
555 5
729 5
1558 5
1426 5
1501 5
966 5
1536 5
1737 5
1256 5
1928 5
1456 5
1440 5
1866 5
544 5
1707 5
1706 5
1588 5
750 5
1903 5
1876 5
574 5
997 5
1902 5
945 5
1218 5
1228 5
857 5
1946 5
788 5
1362 5
1715 5
1496 5
1094 5
1491 5
1571 5
1905 5
1404 5
2210 5
2108 5
1280 5
1252 5
1039 5
1300 5
1017 5
1702 5
2034 5
1494 5
491 5
557 5
1410 5
1795 5
1599 5
2232 5
2092 5
1106 5
1522 5
1801 5
1651 5
1655 5
2230 5
1486 5
576 5
1931 5
1560 5
1432 5
1071 5
1378 5
1526 5
1132 5
901 5
1216 5
1554 5
1158 5
915 5
2239 5
1921 5
1952 5
1800 5
1646 5
1016 5
975 5
2086 5
618 5
2073 5
2098 5
725 5
1675 5
1355 5
1293 5
1629 5
1465 5
991 5
1468 5
1504 5
1445 5
2213 5
1542 5
1334 5
1242 5
1221 5
1417 5
478 5
1695 5
527 5
726 5
875 5
1791 5
1619 5
1544 5
1090 5
805 5
711 5
1401 5
1391 5
889 5
571 5
1311 5
1718 5
773 5
1915 5
1740 5
1765 5
806 5
948 5
1375 5
2015 5
753 5
1291 5
1147 5
1266 5
1437 5
1667 5
1050 5
2238 5
1493 5
1394 5
1112 5
1650 5
1446 5
1315 5
1116 5
2104 5
1350 5
1113 5
969 5
1055 5
1912 5
1983 5
1402 5
655 5
947 5
1483 5
1343 5
758 5
1823 5
1499 5
1287 5
1611 5
1962 5
1535 5
2128 5
1414 5
1676 5
1964 5
1062 5
1160 5
965 5
1808 5
988 5
1246 5
2170 5
1824 5
1782 5
950 5
1510 5
1543 5
940 5
1761 5
2173 5
1271 5
1443 5
1108 5
1970 5
1247 5
2136 5
1087 5
1744 5
1148 5
963 5
2183 5
1285 5
1562 5
1433 5
2045 5
1185 5
1176 5
1892 5
1751 5
1066 5
1632 5
1081 5
1208 5
1126 5
1735 5
1885 5
1347 5
2038 5
608 5
1415 5
2158 5
1870 5
998 5
1631 5
1524 5
341 5
1545 5
1968 5
775 5
1767 5
2021 5
2206 5
1009 5
1031 5
1027 5
994 5
986 5
2196 5
861 5
1556 5
2036 5
1431 5
1400 5
2072 5
893 5
2007 5
1435 5
2044 5
568 5
1790 5
547 5
1454 5
1691 5
1505 5
1029 5
822 5
1832 5
907 5
1143 5
630 5
1817 5
1500 5
1430 5
2027 5
1746 5
1368 5
884 5
1855 5
1409 5
2207 5
1941 5
1537 5
1616 5
1603 5
1645 5
2076 5
2033 5
1429 5
1204 5
1804 5
1257 5
1251 5
2208 5
1722 5
1289 5
927 5
1930 5
2131 5
1159 5
971 5
1634 5
2014 5
1421 5
1241 5
2162 5
922 5
815 5
943 5
1290 5
1755 5
890 5
1597 5
707 5
2219 5
1591 5
2070 5
811 5
847 5
939 5
1781 5
1303 5
1760 5
1956 5
589 5
1608 5
981 5
1235 5
1469 5
1377 5
1511 5
1129 5
1416 5
1741 5
755 5
972 5
1109 5
1463 5
1309 5
1248 5
1150 5
1254 5
1385 5
701 5
1561 5
849 5
1219 5
1980 5
1628 5
1018 5
1325 5
1307 5
1345 5
1386 5
1840 5
816 5
2017 5
1636 5
1947 5
1714 5
964 5
1153 5
2053 5
2166 5
1857 5
836 5
1623 5
1502 5
2199 5
1420 5
982 5
951 5
914 5
1950 5
989 5
916 5
924 5
1464 5
1064 6
714 6
1058 6
566 6
1098 6
952 6
911 6
1013 6
801 6
958 6
1171 6
1531 6
851 6
1135 6
1001 6
1181 6
1117 6
1133 6
706 6
430 6
868 6
1288 6
810 6
1392 6
1460 6
1383 6
689 6
666 6
745 6
1481 6
715 6
1120 6
1128 6
1403 6
1367 6
610 6
612 6
1231 6
929 6
796 6
1264 6
1166 6
631 6
581 6
1323 6
1076 6
954 6
619 6
1163 6
720 6
1393 6
426 6
528 6
1115 6
743 6
931 6
762 6
1482 6
824 6
764 6
622 6
503 6
877 6
1516 6
1186 6
1369 6
769 6
840 6
1114 6
466 6
1021 6
1008 6
1250 6
604 6
1057 6
1015 6
510 6
913 6
737 6
629 6
1265 6
1359 6
500 6
684 6
1517 6
1327 6
1223 6
1249 6
1191 6
1253 6
1275 6
1082 6
452 6
859 6
551 6
1226 6
1152 6
511 6
1038 6
898 6
513 6
904 6
1010 6
740 6
1007 6
1346 6
852 6
1102 6
1427 6
536 6
331 6
1455 6
736 6
1141 6
1240 6
1127 6
1139 6
1047 6
909 6
1125 6
709 6
1357 6
397 6
1183 6
530 6
1026 6
1044 6
638 6
698 6
516 6
680 6
1178 6
732 6
903 6
625 6
615 6
1395 6
1384 6
885 6
1371 6
818 6
1205 6
1214 6
1328 6
522 6
1172 6
961 6
1193 6
540 6
976 6
1523 6
1068 6
1140 6
767 6
1312 6
1093 6
1190 6
1213 6
519 6
733 6
600 6
1361 6
1045 6
935 6
1035 6
1131 6
1314 6
906 6
953 6
1046 6
730 6
1043 6
702 6
1118 6
1381 6
1477 6
831 6
1466 6
1321 6
1363 6
1225 6
626 6
565 6
721 6
1478 6
1177 6
834 6
1070 6
993 6
1412 6
844 6
1295 6
819 6
934 6
979 6
1156 6
459 6
1370 6
1342 6
860 6
928 6
1025 6
768 6
1079 6
727 6
1037 6
567 6
635 6
1509 6
611 6
959 6
1376 6
850 6
678 6
1146 6
780 6
919 6
1167 6
656 6
1244 6
460 6
1180 6
789 6
770 6
627 6
955 6
590 6
681 6
888 6
827 6
650 6
1069 6
984 6
1514 6
999 6
722 6
756 6
895 6
632 6
1209 6
560 6
1019 6
700 6
794 6
1358 6
735 6
1088 6
1024 6
791 6
809 6
1234 6
873 6
601 6
1449 6
777 6
1110 6
624 6
677 6
682 6
569 6
1033 6
1157 6
843 7
281 7
814 7
854 7
841 7
425 7
412 7
659 7
675 7
653 7
1061 7
1074 7
556 7
760 7
606 7
839 7
870 7
658 7
808 7
1137 7
820 7
429 7
938 7
1002 7
509 7
920 7
486 7
1041 7
395 7
628 7
723 7
1059 7
302 7
970 7
505 7
498 7
923 7
564 7
1020 7
651 7
1030 7
388 7
792 7
864 7
728 7
731 7
389 7
828 7
983 7
734 7
742 7
633 7
968 7
759 7
912 7
381 7
496 7
977 7
456 7
597 7
609 7
561 7
763 7
832 7
414 7
717 7
1078 7
359 7
748 7
908 7
1111 7
826 7
537 7
746 7
664 7
667 7
563 7
607 7
813 7
892 7
772 7
385 7
572 7
692 7
485 7
337 7
640 7
886 7
668 7
738 7
467 7
800 7
942 7
690 7
637 7
704 7
1056 7
936 7
1042 7
594 7
289 7
495 7
787 7
476 7
328 7
752 7
584 7
368 7
205 7
507 7
461 7
858 7
776 7
1011 7
592 7
514 7
1073 7
518 7
817 7
937 7
823 7
757 7
900 7
1086 7
747 7
475 7
781 7
987 7
404 7
587 7
535 7
670 7
558 7
797 7
533 7
795 7
1063 7
786 7
803 7
1028 7
515 7
697 7
863 7
674 7
856 7
652 7
520 7
413 7
580 7
539 7
871 7
710 7
996 7
835 7
990 7
521 7
926 7
744 7
418 7
896 7
317 7
431 7
673 7
662 7
1006 7
669 7
716 7
771 7
423 7
620 7
482 7
512 7
838 7
364 7
696 7
552 7
918 7
549 7
433 7
454 8
443 8
441 8
570 8
562 8
508 8
688 8
865 8
436 8
455 8
705 8
490 8
599 8
855 8
754 8
470 8
444 8
377 8
642 8
543 8
517 8
257 8
449 8
660 8
848 8
830 8
479 8
524 8
472 8
708 8
646 8
525 8
579 8
347 8
411 8
554 8
784 8
432 8
821 8
641 8
869 8
458 8
657 8
799 8
380 8
798 8
295 8
483 8
553 8
766 8
586 8
534 8
529 8
634 8
578 8
719 8
542 8
699 8
440 8
617 8
614 8
644 8
354 8
779 8
676 8
842 8
613 8
661 8
393 8
724 8
665 8
392 8
407 8
492 8
623 8
541 8
408 8
493 8
585 8
477 8
837 8
301 8
526 8
683 8
439 8
446 8
390 8
621 8
480 8
434 8
695 8
399 8
464 8
326 8
497 8
451 8
598 8
593 8
693 8
645 8
462 8
400 8
829 8
778 8
409 8
862 8
333 8
687 8
487 8
596 8
647 8
616 8
713 8
523 8
588 8
739 8
686 8
419 8
309 9
343 9
374 9
304 9
489 9
501 9
591 9
406 9
320 9
371 9
313 9
321 9
344 9
672 9
428 9
447 9
327 9
499 9
410 9
282 9
643 9
654 9
209 9
575 9
532 9
258 9
484 9
465 9
469 9
154 9
649 9
595 9
223 9
663 9
195 9
339 9
375 9
335 9
442 9
546 9
336 9
332 9
463 9
424 9
386 9
376 9
545 9
340 9
473 9
405 9
416 9
577 9
391 9
559 9
506 9
583 9
351 9
548 9
502 9
305 9
671 9
504 9
357 9
355 9
353 9
394 9
531 9
365 9
396 9
243 9
420 9
427 9
292 9
338 9
319 10
334 10
325 10
421 10
259 10
370 10
350 10
383 10
437 10
398 10
450 10
362 10
438 10
369 10
290 10
277 10
264 10
435 10
225 10
252 10
285 10
250 10
373 10
415 10
538 10
270 10
284 10
275 10
246 10
200 10
230 10
474 10
417 10
300 10
367 10
360 10
310 10
402 10
387 10
453 10
361 10
488 10
168 10
448 10
219 10
422 10
251 10
303 10
481 10
445 10
356 10
239 11
329 11
323 11
240 11
352 11
330 11
214 11
278 11
283 11
180 11
274 11
242 11
366 11
342 11
263 11
151 11
372 11
345 11
253 11
315 11
268 11
346 11
348 11
176 11
318 11
311 11
358 11
297 11
378 11
403 11
67 11
161 11
207 11
182 11
245 11
299 11
312 11
401 11
227 11
276 11
306 11
384 11
187 11
238 11
197 11
273 11
229 11
288 11
363 11
215 11
457 11
216 11
116 12
198 12
267 12
194 12
208 12
204 12
287 12
382 12
293 12
178 12
179 12
199 12
232 12
184 12
220 12
291 12
163 12
379 12
269 12
143 12
147 12
166 12
188 12
236 12
322 12
279 12
296 12
314 12
308 12
280 12
244 12
256 12
316 12
202 12
165 12
261 12
224 12
137 13
210 13
294 13
146 13
262 13
237 13
217 13
213 13
298 13
221 13
249 13
260 13
271 13
211 13
91 13
286 13
241 13
206 13
189 13
160 13
231 13
307 13
247 13
255 13
248 13
272 13
235 13
266 13
185 13
196 13
324 13
173 14
170 14
149 14
115 14
265 14
191 14
164 14
117 14
86 14
135 14
201 14
150 14
203 14
156 14
172 14
222 14
162 14
186 14
193 14
212 14
174 14
119 14
157 14
254 14
218 14
226 14
228 15
145 15
70 15
113 15
171 15
169 15
139 15
138 15
64 15
141 15
177 15
134 15
183 15
234 15
96 15
136 15
133 15
159 16
190 16
192 16
155 16
111 16
103 16
181 16
122 16
104 16
153 16
121 16
126 16
158 16
152 16
140 16
79 16
124 16
148 16
75 17
128 17
144 17
142 17
125 17
120 17
71 17
132 17
129 17
114 17
167 17
110 17
106 18
92 18
131 18
94 18
58 18
78 18
175 18
123 18
97 18
112 18
108 18
127 18
107 19
101 19
73 19
84 19
98 19
109 19
118 19
88 19
100 19
102 19
80 20
130 20
105 20
66 20
93 20
95 20
89 20
85 20
82 20
76 21
59 21
68 21
74 21
77 21
90 21
81 21
72 22
87 22
61 22
65 22
51 22
99 22
69 23
62 23
48 23
83 24
46 24
42 24
57 25
60 25
55 25
47 26
54 27
44 27
53 27
63 27
50 29
45 29
52 29
41 30
49 30
56 30
40 31
43 31
37 31
39 32
36 32
38 33
34 36
35 37
30 39
32 44
24 44
28 45
29 45
31 45
27 46
33 47
25 48
19 48
22 50
20 50
18 53
17 54
26 54
23 55
15 58
16 58
12 59
14 63
21 64
11 67
13 68
10 70
9 95
8 100
7 103
6 133
5 136
4 187
3 400
2 907
