13071 1
12924 1
11013 1
9561 1
7894 1
12823 1
11955 1
12918 1
12649 1
8740 1
13105 1
11090 1
12609 1
12877 1
12189 1
12554 1
12117 1
12387 1
10179 1
12980 1
12799 1
11072 1
9955 1
13058 1
9794 1
10768 1
12513 1
12082 1
12770 1
10185 1
11916 1
12012 1
10624 1
12104 1
12884 1
9188 1
10318 1
12622 1
13047 1
12028 1
11088 1
12584 1
12481 1
10299 1
12623 1
12981 1
10189 1
13082 1
11960 1
12413 1
12056 1
8949 1
12302 1
13103 1
11944 1
10901 1
11809 1
11737 1
12774 1
11012 1
12231 1
12534 1
12712 1
12680 1
12064 1
10683 1
7274 1
12855 1
13012 1
11423 1
9842 1
12655 1
6672 1
11874 1
12033 1
12256 1
11777 1
12291 1
8130 1
11584 1
13104 1
9767 1
11743 1
12197 1
12604 1
11745 1
12642 1
13167 1
12431 1
10139 1
11002 1
12695 1
7410 1
11867 1
12220 1
8916 1
12606 1
12726 1
9315 1
12432 1
13095 1
11233 1
12641 1
9814 1
8763 1
9888 1
12938 1
12982 1
13091 1
12595 1
12711 1
8468 1
12927 1
11376 1
12129 1
12886 1
7552 1
10240 1
10876 1
13080 1
12769 1
10753 1
12819 1
12692 1
12614 1
12651 1
13146 1
9433 1
8736 1
11419 1
9887 1
12135 1
12717 1
12763 1
11687 1
7169 1
12748 1
12132 1
10244 1
11576 1
11641 1
11667 1
12121 1
13163 1
12689 1
9475 1
12199 1
11133 1
11011 1
12412 1
12590 1
12556 1
11703 1
9618 1
13061 1
11305 1
11187 1
12323 1
8479 1
12155 1
12968 1
8880 1
11099 1
10372 1
9448 1
11862 1
11512 1
11393 1
11173 1
10371 1
13134 1
10720 1
12670 1
12640 1
12555 1
11231 1
10379 1
10450 1
12311 1
9177 1
10530 1
13144 1
11826 1
13126 1
12055 1
5737 1
12987 1
13065 1
12430 1
8318 1
13152 1
12842 1
10707 1
12567 1
10151 1
12053 1
11654 1
11751 1
12783 1
12893 1
12696 1
10874 1
12743 1
12219 1
12578 1
10622 1
9832 1
12985 1
12307 1
12454 1
10484 1
12841 1
12364 1
11007 1
12755 1
13166 1
10076 1
12706 1
11227 1
12143 1
12230 1
12940 1
11572 1
11637 1
10073 1
8918 1
12953 1
12761 1
8085 1
11762 1
10510 1
9899 1
13003 1
9345 1
7845 1
12930 1
13006 1
10907 1
12749 1
11755 1
10893 1
12577 1
9261 1
12177 1
10822 1
6423 1
12054 1
11864 1
12264 1
11788 1
13090 1
11860 1
11568 1
11607 1
10734 1
12776 1
12824 1
8212 1
12072 1
8839 1
12676 1
12742 1
11496 1
12087 1
10638 1
12777 1
9986 1
10531 1
11747 1
12587 1
12526 1
10774 1
13053 1
12760 1
12732 1
12376 1
12540 1
11440 1
9072 1
12975 1
12321 1
10628 1
10635 1
9696 1
12745 1
8003 1
12025 1
9948 1
11130 1
11633 1
11884 1
12737 1
10544 1
11774 1
12629 1
11802 1
12019 1
12563 1
9003 1
12628 1
11949 1
12672 1
11910 1
10091 1
9189 1
9636 1
11869 1
10929 1
11981 1
12346 1
11636 1
12718 1
11178 1
10808 1
9146 1
11421 1
10748 1
13024 1
11616 1
13018 1
10995 1
12617 1
12514 1
11579 1
13119 1
12939 1
12334 1
12870 1
12594 1
11362 1
13036 1
13014 1
12599 1
11102 1
8585 1
13004 1
13063 1
11937 1
12120 1
11286 1
10211 1
12875 1
12250 1
11877 1
12675 1
12632 1
12031 1
8574 1
11821 1
12565 1
11977 1
8730 1
12868 1
12416 1
12747 1
9119 1
12234 1
12946 1
9396 1
10722 1
12118 1
11619 1
11115 1
10993 1
13051 1
12854 1
12785 1
12775 1
12509 1
13002 1
9820 1
10799 1
13064 1
13041 1
12213 1
12588 1
7464 1
12182 1
12782 1
11704 1
12592 1
12674 1
12572 1
13088 1
9922 1
12245 1
11796 1
12094 1
13098 1
12266 1
10115 1
10364 1
10034 1
11808 1
9122 1
10939 1
13149 1
12541 1
12851 1
12439 1
8522 1
12812 1
10594 1
12582 1
11006 1
12944 1
10821 1
8902 1
8978 1
10199 1
12910 1
12653 1
12612 1
13142 1
9907 1
12192 1
12360 1
8645 1
9100 1
11103 1
12310 1
12873 1
12801 1
12185 1
11029 1
11668 1
12865 1
12283 1
12827 1
12013 1
11888 1
12977 1
12908 1
12397 1
9531 1
12368 1
9930 1
12630 1
11338 1
11531 1
12099 1
12560 1
11868 1
10699 1
12994 1
13085 1
12954 1
12657 1
11816 1
12917 1
9617 1
12634 1
11274 1
10818 1
12552 1
12108 1
12984 1
12899 1
12579 1
12136 1
12874 1
11001 1
12746 1
9709 1
12022 1
12979 1
10902 1
13025 1
11107 1
9125 1
12872 1
13026 1
12806 1
11890 1
7904 1
11904 1
12216 1
8802 1
13116 1
12998 1
12792 1
12912 1
9798 1
12878 1
11929 1
11789 1
8259 1
10325 1
12928 1
11556 1
12883 1
12625 1
11749 1
10023 1
13069 1
12528 1
12700 1
13070 1
10413 1
10637 1
9060 1
9542 1
10883 1
8409 1
11829 1
12734 1
10370 1
11344 1
12597 1
12890 1
12050 1
12920 1
9374 1
12365 1
12437 1
12637 1
13086 1
12507 1
12809 1
9391 1
11604 1
11914 1
9977 1
12714 1
7516 1
13147 1
11776 1
12750 1
10723 1
11462 1
11893 1
8917 1
9264 1
12837 1
13037 1
10494 1
10997 1
12458 1
11909 1
12773 1
13154 1
12719 1
10945 1
12363 1
13034 1
10150 1
10206 1
12531 1
12964 1
7755 1
11387 1
12548 1
6733 1
11161 1
12971 1
12788 1
12077 1
12721 1
10772 1
12036 1
10525 1
12736 1
12564 1
12539 1
12516 1
8682 1
12698 1
13046 1
9412 1
9847 1
9779 1
13040 1
12618 1
11284 1
12962 1
11210 1
12693 1
10300 1
12494 1
11980 1
9498 1
8033 1
11213 1
11183 1
7310 1
11850 1
12731 1
11443 1
12073 1
12969 1
12444 1
11330 1
12797 1
11272 1
10278 1
12270 1
11519 1
13000 1
12817 1
9951 1
12571 1
12583 1
10582 1
12328 1
12207 1
12900 1
12682 1
11639 1
12434 1
11525 1
9148 1
12361 1
11009 1
12518 1
12951 1
11217 1
12179 1
4936 1
12661 1
11650 1
11696 1
12060 1
12658 1
10305 1
12356 1
12784 1
9816 1
12679 1
10803 1
10801 1
10326 1
12759 1
13100 1
9067 1
11695 1
12493 1
10932 1
11634 1
9889 1
10006 1
12813 1
11268 1
12931 1
12710 1
12034 1
12909 1
12288 1
11848 1
11598 1
12580 1
7422 1
12715 1
12887 1
12512 1
11872 1
7262 1
11797 1
11656 1
10905 1
12501 1
12568 1
10509 1
10252 1
10703 1
12589 1
9616 1
12848 1
12688 1
9594 1
12476 1
10747 1
11375 1
11192 1
12942 1
12843 1
11326 1
11390 1
11878 1
10880 1
11923 1
11609 1
13128 1
11880 1
12915 1
12894 1
12078 1
10437 1
13023 1
12807 1
9859 1
6942 1
11715 1
12978 1
11599 1
11155 1
12723 1
12529 1
12833 1
11805 1
12815 1
12537 1
11685 1
12487 1
12591 1
13150 1
9645 1
11221 1
10554 1
11708 1
12418 1
9555 1
12348 1
12240 1
8606 1
12332 1
11436 1
11363 1
10837 1
12248 1
12794 1
12793 1
12800 1
11600 1
13072 1
12331 1
12619 1
12500 1
12414 1
12130 1
12673 1
13050 1
12004 1
12021 1
12958 1
13093 1
12456 1
11428 1
11446 1
11082 1
11770 1
12224 1
12603 1
8701 1
13111 1
13015 1
12906 1
13008 1
13032 1
10048 1
11054 1
12353 1
12856 1
8144 1
11772 1
7810 1
12495 1
13081 1
12644 1
12633 1
12989 1
10721 1
9541 1
13133 1
11027 1
12533 1
12301 1
13035 1
12620 1
10856 1
8082 1
9693 1
12733 1
12144 1
11911 1
7643 1
12482 1
12089 1
7961 1
10068 1
11982 1
12690 1
11854 1
10161 1
13011 1
12959 1
7646 1
12970 1
9786 1
12911 1
13113 1
11126 1
13139 1
12663 1
12137 1
10083 1
12996 1
8162 1
12195 1
13057 1
10078 1
12849 1
11999 1
10725 1
12453 1
12452 1
10764 1
11978 1
10810 1
12756 1
12847 1
11694 1
10094 1
12832 1
10527 1
10292 1
12974 1
12362 1
11134 1
12525 1
9205 1
13151 1
13060 1
11647 1
11954 1
10895 1
11091 1
13096 1
12519 1
10976 1
11255 1
10816 1
13123 1
12795 1
11040 1
12961 1
13028 1
12559 1
11706 1
11966 1
10981 1
8976 1
12295 1
11853 1
12378 1
12165 1
12585 1
11212 1
12581 1
12357 1
12420 1
12605 1
11074 1
9905 1
7069 1
9016 1
13107 1
13022 1
10013 1
11917 1
12166 1
13089 1
11298 1
12532 1
12754 1
13155 1
11836 1
12645 1
11602 1
11015 1
12497 1
13143 1
12811 1
10898 1
12382 1
13092 1
11768 1
12643 1
11434 1
11429 1
11208 1
11939 1
12017 1
9985 1
7670 1
12691 1
12888 1
12232 1
8624 1
12835 1
12471 1
11364 1
10168 1
9789 1
12963 1
11374 1
13027 1
12839 1
13084 1
8938 1
11141 1
11539 1
13031 1
12239 1
12237 1
12023 1
10732 1
12735 1
13138 1
12850 1
12635 1
12337 1
8458 1
10851 1
11204 1
9041 1
13125 1
11819 1
12986 1
11997 1
12876 1
8957 1
12943 1
13145 1
11927 1
12631 1
10084 1
10248 1
12436 1
11513 1
12950 1
11273 1
12826 1
11501 1
10958 1
11342 1
12074 1
12370 1
10752 1
12779 1
12383 1
9915 1
6844 1
7773 1
9663 1
7388 1
13029 1
12191 1
10020 1
12354 1
10165 1
12990 1
8427 1
10229 1
9834 1
12389 1
10666 1
12684 1
12424 1
12941 1
12254 1
12740 1
10671 1
10696 1
11354 1
11304 1
12882 1
12422 1
12744 1
12406 1
13121 1
11506 1
12898 1
12660 1
12988 1
11870 1
12306 1
10087 1
12300 1
13052 1
10261 1
12907 1
12542 1
12621 1
9931 1
11345 1
11416 1
12738 1
12716 1
11692 1
11488 1
12547 1
12955 1
13120 1
7276 1
13059 1
8972 1
12544 1
11343 1
9897 1
11215 1
11655 1
11915 1
10860 1
12469 1
12995 1
10290 1
8361 1
12904 1
11553 1
12508 1
12976 1
12866 1
12933 1
12934 1
13110 1
12722 1
12724 1
13099 1
13160 1
11906 1
12741 1
11733 1
8803 1
13162 1
9827 1
10846 1
11753 1
11752 1
8390 1
11903 1
12627 1
12158 1
13066 1
11382 1
12671 1
12465 1
9901 1
11672 1
11974 1
9288 1
12613 1
12836 1
12720 1
10826 1
13078 1
11986 1
13157 1
12626 1
13112 1
10327 1
12778 1
10675 1
11589 1
12708 1
11644 1
12610 1
11820 1
12820 1
12678 1
10964 1
11661 1
10897 1
11764 1
10535 1
10213 1
8679 1
11132 1
12952 1
7885 1
10923 1
12650 1
13137 1
13136 1
12075 1
11825 1
12210 1
10781 1
12697 1
13075 1
13156 1
10942 1
10231 1
10266 1
10967 1
13114 1
12543 1
12344 1
12109 1
12902 1
11234 1
10354 1
12757 1
12003 1
11603 1
12545 1
11892 1
12892 1
13127 1
12864 1
11078 1
12844 1
12517 1
11902 1
12575 1
12666 1
12897 1
12227 1
10888 1
7304 1
8093 1
12601 1
12780 1
11016 1
13135 1
12665 1
11398 1
12725 1
8805 1
10166 1
11490 1
12648 1
9736 1
12530 1
9070 1
11984 1
12624 1
11386 1
12860 1
12646 1
12011 1
11203 1
11605 1
12764 1
9102 1
13106 1
12183 1
12046 1
12417 1
11269 1
12687 1
12803 1
12766 1
12502 1
8939 1
12522 1
12983 1
12492 1
9112 1
12786 1
11735 1
11757 1
12867 1
11180 1
13020 1
10886 1
12861 1
9627 1
8109 1
12273 1
12828 1
12550 1
10128 1
10004 1
9835 1
12151 1
13141 1
11722 1
12391 1
8485 1
12905 1
10979 1
4027 1
12965 1
12699 1
10507 1
10661 1
10220 1
8566 1
12138 1
12916 1
12467 1
13076 1
11945 1
11621 1
12446 1
8888 1
13044 1
12611 1
11202 1
7000 1
8961 1
10283 1
12488 1
8527 1
9805 1
10884 1
13102 1
12538 1
11454 1
9275 1
12830 1
11253 1
13083 1
9359 1
11550 1
11583 1
13124 1
12279 1
10258 1
11865 1
11730 1
12752 1
12097 1
8690 1
11839 1
8747 1
10950 1
11475 1
8834 1
12947 1
10277 1
13148 1
12966 1
10540 1
13056 1
12713 1
12566 1
11824 1
12889 1
10970 1
12553 1
9944 1
11933 1
11879 1
13131 1
10969 1
11905 1
9937 1
11883 1
12685 1
12281 1
12993 1
11303 1
12762 1
11278 1
11657 1
10049 1
11791 1
11686 1
10341 1
8283 1
12790 1
10701 1
8958 1
12814 1
12093 1
12340 1
12160 1
12574 1
13017 1
10376 1
12891 1
10352 1
12926 1
12791 1
8450 1
9447 1
10630 1
12701 1
11822 1
11489 1
9059 1
12562 1
12659 1
9280 1
11442 1
11669 1
13094 1
12102 1
12164 1
10865 1
11943 1
12051 1
8895 1
7285 1
13049 1
11195 1
12846 1
12292 1
13130 1
12316 1
10513 1
10019 1
8012 1
12212 1
12461 1
11147 1
11383 1
12319 1
12768 1
12374 1
12462 1
11301 1
10827 1
9750 1
12455 1
13117 1
12767 1
10096 1
11818 1
12491 1
12789 1
11109 1
12765 1
12704 1
13007 1
12781 1
10017 1
9025 1
12551 1
9836 1
12686 1
7843 1
11711 1
12161 1
9762 1
10399 1
12345 1
12772 1
12236 1
13161 1
12561 1
12727 1
13122 1
12802 1
12558 1
11688 1
9446 1
9688 1
8780 1
12862 1
11664 1
11327 1
11971 1
12967 1
10483 1
10397 1
12729 1
11051 1
12758 1
12852 1
9804 1
12573 1
12664 1
12602 1
12381 1
12511 1
9694 1
11612 1
12101 1
12999 1
13055 1
13001 1
11760 1
12822 1
12086 1
12515 1
12407 1
12063 1
13097 1
12949 1
11646 1
10228 1
11831 1
12804 1
11782 1
13132 1
12608 1
10003 1
12840 1
12667 1
13067 1
12694 1
11271 1
9202 1
13045 1
12818 1
12593 1
12468 1
12796 1
11472 1
12586 1
12810 1
12535 1
11838 1
12829 1
12838 1
11948 1
12845 1
9138 1
10833 1
9895 1
12352 1
12057 1
12499 1
11535 1
10367 1
11575 1
12421 1
12728 1
12668 1
13038 1
12705 1
12831 1
12936 1
12703 1
11866 1
9695 1
13013 1
12116 1
12903 1
12272 1
12598 1
12536 1
12914 1
13087 1
7711 1
11320 1
13033 1
10570 1
12527 1
12816 1
11754 1
10930 1
12681 1
11302 1
12992 1
11814 1
8132 1
11601 1
11700 1
12438 1
12426 1
12825 1
10688 1
10044 1
12923 1
12549 1
11119 1
11395 1
13009 1
12276 1
12991 1
11671 1
11150 1
10113 1
12047 1
11356 1
12853 1
10678 1
12015 1
12030 1
11897 1
9870 1
13079 1
11043 1
10045 1
13129 1
9545 1
10383 1
9142 1
12683 1
10789 1
6693 1
12957 1
13073 1
13108 1
9704 1
10643 1
13074 1
8328 1
8500 1
12524 1
9753 1
12131 1
12932 1
8921 1
12576 1
12286 1
9712 1
9758 1
13164 1
9554 1
10700 1
11873 1
9206 1
11037 1
13043 1
10746 1
12557 1
12615 1
11759 1
11207 1
10182 1
12739 1
10850 1
12787 1
10320 1
12656 1
7947 1
11677 1
12960 1
12305 1
12472 1
13030 1
11649 1
11112 1
12973 1
12945 1
11030 1
12925 1
12652 1
12709 1
13140 1
10323 1
12805 1
9839 1
10806 1
9299 1
13153 1
12901 1
10881 1
10828 1
12863 1
12285 1
12010 1
13068 1
10319 1
10954 1
12429 1
11889 1
8934 1
10579 1
11665 1
10710 1
11435 1
12929 1
11451 1
12569 1
11835 1
12596 1
12885 1
12309 1
10975 1
12654 1
12948 1
12349 1
10026 1
11887 1
12647 1
13158 1
10767 1
10978 1
12167 1
12638 1
12607 1
12879 1
8224 1
12152 1
10719 1
12172 1
11367 1
12972 1
11083 1
10427 1
12677 1
7527 1
11922 1
13118 1
10849 1
12753 1
12896 1
11151 1
12636 1
11812 1
10470 1
12092 1
11361 1
5789 1
10933 1
11856 1
11381 1
13021 1
12510 1
13048 1
12798 1
11817 1
8382 1
12520 1
11461 1
11932 1
11975 1
12669 1
12808 1
12226 1
11220 1
10809 1
12707 1
10387 1
10986 1
13005 1
13109 1
11766 1
9755 1
11464 1
12159 1
12702 1
12639 1
6994 1
10569 1
10962 1
12834 1
12880 1
11876 1
5592 1
12857 1
11626 1
10676 1
12466 1
7459 1
8942 1
13054 1
13010 1
11709 1
12459 1
11732 1
10265 1
9028 1
11941 1
12253 1
6195 1
12371 1
12521 1
7764 1
11855 1
10798 1
13101 1
12070 1
12956 1
12546 1
11433 1
13016 1
11681 1
10783 1
11149 1
12913 1
11630 1
12616 1
12935 1
11773 1
13115 1
11779 1
12039 1
12751 1
12821 1
10908 1
11176 1
12730 1
11629 1
9120 1
13019 1
12441 1
12922 1
12895 1
13159 1
13165 1
13077 1
12771 1
11785 1
12523 1
11597 1
9997 1
11206 1
12921 1
12937 1
12380 1
11908 1
13039 1
12662 1
12324 1
11611 1
12041 1
10925 1
13042 1
9919 1
12881 1
8833 1
11676 1
12347 1
12570 1
12428 1
12871 1
12392 1
12859 1
11857 1
10762 1
12919 1
12858 1
12997 1
9962 1
13062 1
12600 1
11127 1
7525 1
12869 1
11189 1
11023 1
11790 1
11729 2
9599 2
12009 2
10539 2
4617 2
11823 2
10328 2
10726 2
10511 2
9241 2
7829 2
12489 2
8235 2
11524 2
9828 2
8274 2
10307 2
7796 2
11422 2
9390 2
9110 2
7141 2
11991 2
8622 2
7753 2
10782 2
9281 2
10859 2
10836 2
9453 2
12084 2
9844 2
11673 2
11734 2
9481 2
11485 2
9802 2
10765 2
12457 2
10971 2
11693 2
12313 2
11498 2
8303 2
7317 2
11046 2
11674 2
12095 2
12255 2
12403 2
9292 2
10617 2
10927 2
10760 2
11863 2
11071 2
9631 2
8488 2
9734 2
10730 2
12338 2
4421 2
10524 2
7144 2
11537 2
11771 2
11129 2
11400 2
6836 2
8707 2
11574 2
10605 2
12018 2
6807 2
10565 2
11197 2
12088 2
6285 2
10755 2
5777 2
11034 2
9680 2
8398 2
11259 2
11969 2
9316 2
11620 2
12442 2
12275 2
9783 2
12262 2
10807 2
8326 2
8090 2
11459 2
11643 2
10197 2
9369 2
7405 2
9609 2
11896 2
7517 2
12448 2
8614 2
7867 2
6382 2
11983 2
10452 2
7664 2
10953 2
12483 2
9152 2
8975 2
11632 2
10355 2
6475 2
11225 2
10458 2
11322 2
10056 2
10992 2
12258 2
11347 2
9487 2
9068 2
9949 2
8371 2
11546 2
10221 2
11875 2
10742 2
12052 2
12176 2
9180 2
12119 2
11567 2
9743 2
11934 2
8752 2
9719 2
11995 2
10830 2
9825 2
10756 2
9065 2
12243 2
7376 2
12433 2
7613 2
3757 2
12080 2
4943 2
10505 2
12043 2
9329 2
12133 2
9224 2
7992 2
7154 2
10988 2
9862 2
8753 2
8969 2
10058 2
8644 2
8202 2
7368 2
12083 2
11527 2
11543 2
7362 2
11121 2
11996 2
7545 2
11495 2
10476 2
9477 2
11447 2
10222 2
12188 2
10840 2
10996 2
11699 2
11849 2
10642 2
10680 2
10501 2
11936 2
9494 2
9204 2
9788 2
8149 2
10408 2
6878 2
11052 2
6831 2
11448 2
11237 2
9961 2
10736 2
12251 2
9593 2
8252 2
12174 2
12194 2
11290 2
11725 2
11456 2
10587 2
11840 2
9353 2
9191 2
10120 2
12263 2
10887 2
9121 2
12401 2
11628 2
12103 2
10404 2
9893 2
8678 2
11565 2
11491 2
12032 2
11369 2
10363 2
9761 2
9358 2
9898 2
8234 2
8265 2
8562 2
8745 2
11861 2
8370 2
12048 2
9551 2
10357 2
10820 2
10903 2
8993 2
10493 2
12005 2
9291 2
10421 2
10977 2
11895 2
12296 2
6745 2
12170 2
9956 2
11787 2
11000 2
8254 2
10706 2
10686 2
9485 2
9076 2
11581 2
12058 2
9081 2
7638 2
12178 2
8836 2
11614 2
12201 2
8603 2
10333 2
10998 2
11606 2
10894 2
8946 2
11658 2
12065 2
9035 2
7484 2
10504 2
11526 2
11859 2
11340 2
9492 2
6685 2
12318 2
11148 2
10141 2
12393 2
7495 2
10800 2
11727 2
12106 2
8505 2
12186 2
8347 2
10210 2
9274 2
10467 2
11292 2
12443 2
11146 2
9533 2
9094 2
9727 2
10941 2
5903 2
10251 2
11882 2
9655 2
11900 2
11014 2
8340 2
10428 2
8253 2
9776 2
10057 2
12410 2
8327 2
10909 2
11247 2
10621 2
8681 2
9959 2
11201 2
10345 2
9300 2
8489 2
11613 2
9892 2
11765 2
11769 2
12396 2
7186 2
12105 2
9129 2
11792 2
11566 2
12268 2
12327 2
11515 2
11907 2
11424 2
10353 2
6346 2
8128 2
10838 2
11951 2
11723 2
12222 2
11044 2
8985 2
10490 2
12464 2
11928 2
11477 2
9857 2
12506 2
12303 2
7677 2
10329 2
11352 2
12343 2
11736 2
8192 2
11066 2
12145 2
10864 2
9219 2
8675 2
12333 2
9511 2
6952 2
11516 2
11713 2
9909 2
9934 2
7720 2
9876 2
9692 2
12267 2
11172 2
11308 2
10441 2
11716 2
6326 2
12480 2
9967 2
11952 2
9304 2
9209 2
11627 2
10308 2
10609 2
10517 2
11426 2
8806 2
10738 2
12169 2
9741 2
9890 2
8215 2
12200 2
11266 2
12221 2
7201 2
12100 2
12312 2
9053 2
11317 2
7864 2
10585 2
11246 2
11507 2
11683 2
8019 2
11135 2
10360 2
10937 2
10832 2
11794 2
7438 2
6966 2
12139 2
9328 2
8743 2
12330 2
7668 2
11458 2
12146 2
9801 2
11153 2
10052 2
8196 2
11691 2
11520 2
11185 2
10646 2
8927 2
12059 2
12449 2
9906 2
9853 2
10685 2
11198 2
10284 2
12081 2
8965 2
10713 2
10656 2
11184 2
11963 2
9871 2
7266 2
10733 2
11408 2
12415 2
9928 2
12044 2
9629 2
9017 2
12115 2
10456 2
8136 2
9313 2
12171 2
11894 2
9658 2
10812 2
11702 2
11256 2
12269 2
9257 2
9687 2
10542 2
11858 2
10532 2
12246 2
10482 2
11142 2
11415 2
11726 2
8881 2
12339 2
11846 2
9940 2
10847 2
5401 2
11293 2
10672 2
10650 2
8611 2
10735 2
10684 2
10724 2
10287 2
11968 2
6912 2
7509 2
9027 2
10080 2
12217 2
11431 2
12067 2
9760 2
12473 2
12122 2
10442 2
12399 2
12079 2
8814 2
5323 2
10869 2
6799 2
12325 2
10994 2
10668 2
7722 2
11622 2
11965 2
11663 2
11411 2
6803 2
11528 2
11684 2
11841 2
10651 2
11474 2
9216 2
11811 2
11282 2
10534 2
8124 2
6281 2
12377 2
9417 2
11300 2
11652 2
9819 2
10417 2
12211 2
5526 2
10075 2
12001 2
12326 2
12271 2
10900 2
7963 2
12123 2
5301 2
10966 2
7641 2
10173 2
7747 2
11404 2
9431 2
9378 2
9881 2
8095 2
11827 2
10559 2
8516 2
11959 2
8658 2
11964 2
10254 2
12369 2
10961 2
12479 2
10771 2
9404 2
11746 2
12008 2
12071 2
10664 2
11511 2
11017 2
11925 2
9263 2
11845 2
9135 2
10614 2
6018 2
11967 2
10619 2
10711 2
11596 2
12249 2
11784 2
10100 2
7655 2
11092 2
10931 2
8102 2
11798 2
8167 2
11557 2
4144 2
11898 2
10356 2
7195 2
7427 2
10980 2
11801 2
12478 2
11117 2
10405 2
11756 2
9729 2
11004 2
10202 2
11972 2
9174 2
10195 2
7379 2
10751 2
9337 2
11131 2
12411 2
10611 2
8402 2
11799 2
9095 2
9710 2
11365 2
9521 2
11346 2
11947 2
10858 2
10104 2
10380 2
10156 2
10877 2
8030 2
10250 2
11956 2
8374 2
12460 2
9933 2
10824 2
11244 2
11899 2
11810 2
9220 2
11640 2
4782 2
11653 2
8660 2
11190 2
11138 2
9939 2
5847 2
8573 2
9731 2
11763 2
5964 2
8419 2
11380 2
8591 2
11573 2
9764 2
11336 2
8177 2
10012 2
5918 2
12366 2
8239 2
10393 2
9563 2
12423 2
11097 2
12504 2
11079 2
11218 2
9699 2
10460 2
8998 2
9513 2
12215 2
9344 2
11551 2
7482 2
6595 2
9880 2
11174 2
10843 2
9639 2
9491 2
8604 2
7891 2
6400 2
7595 2
10657 2
10043 2
7666 2
8818 2
9341 2
11257 2
11181 2
7915 2
12244 2
6389 2
11152 2
11767 2
11998 2
11264 2
9625 2
11988 2
8384 2
9505 2
10626 2
10867 2
10704 2
12110 2
8348 2
6914 2
7463 2
9941 2
7760 2
11319 2
11368 2
12038 2
6458 2
11125 2
11065 2
12214 2
10081 2
8514 2
9988 2
7458 2
8633 2
11177 2
8905 2
6355 2
10129 2
8761 2
9306 2
11191 2
7937 2
12252 2
9544 2
12006 2
8657 2
7907 2
11659 2
12503 2
11406 2
11666 2
8154 2
12142 2
8461 2
12113 2
12298 2
10952 2
11990 2
10872 2
7923 2
9023 2
12020 2
12477 2
12140 2
12157 2
12308 2
9523 2
10459 2
11750 2
10433 2
8316 2
12235 2
12350 2
11509 2
12228 2
11060 2
11552 2
12068 2
9444 2
9530 2
12451 2
10778 2
10857 2
11744 2
12124 2
9018 2
11111 2
9004 2
9891 2
9749 2
10848 2
8586 2
10788 2
11778 2
9175 2
5232 2
10152 2
7518 2
11005 2
11844 2
8104 2
12341 2
12180 2
11533 2
8243 2
6811 2
12061 2
11680 2
11463 2
11337 2
11311 2
11608 2
7428 2
8719 2
10025 2
8376 2
12445 2
10146 2
11403 2
11254 2
12384 2
12154 2
11885 2
12284 2
12156 2
12085 2
11617 2
12375 2
10282 2
12294 2
11815 2
10321 2
8783 2
10309 2
10334 2
11281 2
9550 2
10543 2
8636 2
8823 2
9808 2
11719 2
5724 2
11989 2
11351 2
11660 2
10612 2
12205 2
11698 2
10377 2
7163 2
10312 2
11780 2
12388 2
8970 2
8889 2
11200 2
11049 2
12203 2
10523 2
11482 2
11678 2
8356 2
9084 2
10247 2
9132 2
11045 2
9864 2
10955 2
12218 2
8263 2
12394 2
10697 2
12193 2
10008 2
11188 2
7412 2
11521 2
11942 2
6943 2
8216 2
11741 2
10647 2
10791 2
12208 2
12090 2
12027 2
7100 2
11742 2
12066 2
10061 2
11610 2
12463 2
7384 2
10861 2
6213 2
10241 2
11080 2
10042 2
8904 2
11973 2
7732 2
10190 2
10983 2
11265 2
12242 2
9769 2
12026 2
11938 2
10548 2
9612 2
8901 2
8837 2
11427 2
10338 2
5940 2
9452 2
12173 2
11806 2
12395 2
11392 2
11913 2
8150 2
8776 2
9387 2
12304 2
10495 2
7302 2
7354 2
12062 2
10575 2
9763 2
11508 2
10662 2
9260 2
10533 2
8430 2
10196 2
11712 2
9720 2
12367 2
11248 2
8757 2
11800 2
10143 2
9478 2
11314 2
10415 2
9512 2
11976 2
11886 2
10031 2
9185 2
9973 2
10209 2
11651 2
10682 2
9752 2
10431 2
11793 2
11721 2
12299 2
11243 2
12016 2
10272 2
4918 2
8439 2
10889 2
11214 2
12007 2
11786 2
12293 2
9717 2
11026 2
12229 2
11316 2
11536 2
6822 2
11992 2
8176 2
9567 2
8758 2
12320 2
9838 2
11697 2
10862 2
12247 2
9259 2
8454 2
9154 2
9049 2
11039 2
11171 2
11830 2
9921 2
7585 2
7682 2
10729 2
11164 2
11834 2
4642 2
10948 2
8464 2
11467 2
8050 2
9975 2
10583 2
11690 2
11593 2
10198 2
7382 2
12037 2
11842 2
11250 2
11179 2
11523 2
12390 2
12505 2
11073 2
12225 2
7501 2
11438 2
9878 2
10875 2
12278 2
11139 2
11385 2
12329 2
12204 2
9970 2
9069 2
9989 2
11950 2
11294 2
7935 2
8941 2
8083 2
9469 2
11238 2
6608 2
9733 2
7346 2
12379 2
9455 2
10786 2
8767 2
10636 2
12315 2
10059 2
11926 2
9982 2
11804 2
11679 2
12206 2
12322 2
11642 2
11028 2
11638 2
11450 2
9974 2
7697 2
9456 2
11979 2
9707 2
10227 2
10576 2
12045 2
11169 2
10369 2
11930 2
12373 2
12168 2
9118 2
11881 2
9211 2
8554 2
10899 2
5970 2
11807 2
10940 2
7468 2
12408 2
10099 2
11921 2
9735 2
12202 2
10473 2
11249 2
9302 2
9703 2
11372 2
11315 2
12475 2
11748 2
9128 2
12035 2
10584 2
11924 2
11010 2
8183 2
9014 2
9883 2
10466 2
9701 2
11958 2
11373 2
8825 2
8559 2
10694 2
11577 2
11795 2
11077 2
12427 2
8451 2
9201 2
8739 2
4451 2
11689 2
6223 2
10695 2
6989 2
9024 2
8725 2
11957 2
6927 2
10214 2
6571 2
10245 2
9048 2
8483 2
12440 2
9384 2
7693 2
8809 2
10219 2
10295 2
9117 2
10498 2
11615 2
12233 2
12355 2
11648 2
6555 2
9392 2
11588 2
12490 2
10769 2
9771 2
11871 2
7076 2
12163 2
10246 2
9744 2
10294 2
11585 2
10716 2
7982 2
11297 2
11444 2
11618 2
9751 2
11260 2
12241 2
11920 2
11492 2
8336 2
10744 2
12486 2
10506 2
11631 2
7640 2
10496 2
12409 2
8871 2
10566 2
8501 2
12209 2
7208 2
10528 2
10709 2
9462 2
9536 2
8174 2
9029 2
11048 2
11739 2
9163 2
11008 2
11781 2
7389 2
11970 2
8710 2
12297 2
8447 2
5625 2
10095 2
11399 2
11625 2
11487 2
10557 2
11240 2
8007 2
9914 2
9184 2
11731 2
8827 2
9287 2
11919 2
4357 2
8607 2
10936 2
9370 2
8590 2
10855 2
12485 2
11263 2
10866 2
11985 2
8230 2
10489 2
12450 2
11540 2
10296 2
10763 2
7908 2
10577 2
9380 2
10947 2
11460 2
10787 2
9145 2
10934 2
8868 2
10841 2
9470 2
9894 2
12076 2
9293 2
12014 2
8937 2
11935 2
7970 2
7448 2
11837 2
11832 2
12498 2
10618 2
10046 2
11036 2
7707 2
10105 2
7241 2
9008 2
9850 2
9635 2
12358 2
10728 2
11670 2
9777 2
12435 2
7788 2
10512 2
9406 2
7814 2
10935 2
10790 2
11262 2
11803 2
8189 2
11675 2
9642 2
5207 2
10514 2
12096 2
10839 2
11407 2
8741 2
9917 2
11076 2
12282 2
11229 2
7215 2
10549 2
11339 2
10216 2
9519 2
12386 2
12112 2
9746 2
8795 2
10854 2
8148 2
11389 2
12125 2
8944 2
10766 2
11279 2
12238 2
7998 2
6050 2
9602 2
8984 2
11761 2
12447 2
12107 2
11833 2
8775 2
7749 2
10041 2
9721 2
8410 2
12091 2
12336 2
10658 2
8950 2
9773 2
8981 2
11216 2
11931 2
10174 2
6948 2
12265 2
12150 2
10106 2
8986 2
10567 2
9104 2
12175 2
9388 2
10904 2
11355 2
9686 2
8438 2
10581 2
10479 2
10011 2
12127 2
11738 2
10038 2
10217 2
10745 2
9373 2
8526 2
12385 2
11813 2
10814 2
7620 2
7063 2
6642 2
10536 2
11055 2
9619 2
11484 2
12405 2
10538 2
12277 2
11717 2
6474 2
11425 2
11277 2
9869 2
10285 2
9968 2
10944 2
11852 2
9830 2
10361 2
12342 2
11847 2
11370 2
11946 2
8168 2
10235 2
9781 2
11705 2
10718 2
12335 2
4874 2
10586 2
11170 2
10743 2
10623 2
10304 2
11318 2
12149 2
11291 2
8137 2
11032 2
9543 2
9817 2
9091 2
12290 2
11828 2
8248 2
9943 2
11953 2
11483 2
12496 2
12314 2
7490 2
11580 2
12259 2
11707 2
10218 2
9393 2
9240 2
9021 2
8715 2
9584 2
11360 2
7999 2
10030 2
7578 2
10249 2
9875 2
12280 2
10853 2
8052 2
9728 2
10653 2
7211 2
12040 2
11851 2
11417 2
8713 2
11559 2
11549 2
10689 2
11714 2
11053 2
8872 2
9665 2
11710 2
11473 2
11358 2
11783 2
7406 2
12187 2
10389 2
9325 2
7932 2
8298 2
11332 2
11018 2
12425 2
10332 2
11843 2
8694 2
12147 2
10825 2
8465 2
7342 2
6963 2
12042 2
10237 2
11224 2
11624 2
12002 2
12198 2
12114 2
9806 2
12134 2
12398 2
9311 2
12190 2
8628 2
8915 2
12289 2
11961 2
10033 2
12049 2
10987 2
11940 2
7446 2
11987 2
12260 2
12419 2
7421 2
8204 2
11110 2
9349 2
8207 2
9702 2
12184 2
12400 2
9111 2
11331 2
6156 2
12029 2
10737 2
12287 2
11918 2
8506 2
11413 2
8103 2
9926 2
8097 2
7576 2
10503 2
9278 2
9386 2
10906 2
7757 2
9509 2
7936 2
8123 2
10015 2
9182 2
10607 2
7742 2
7612 2
9124 2
11724 2
10119 2
12111 2
8513 2
9826 2
10515 2
12148 2
11323 2
10180 2
11662 2
11645 2
11901 2
12196 2
8999 2
11394 2
11182 2
11312 2
11718 2
10516 2
8988 2
9775 2
11534 2
12484 2
8273 2
11529 2
11530 2
11306 2
11289 2
9605 2
11159 2
5133 2
8787 2
12402 2
12274 2
10339 2
11720 2
11682 2
10175 2
10561 2
9766 2
11728 2
12098 2
10089 2
11199 2
9952 2
9585 2
10018 2
9873 2
9979 2
11414 2
12359 2
9463 2
12351 2
11114 2
8952 2
11497 2
11518 2
10632 2
7647 2
12153 2
11623 2
10390 2
11430 2
10892 2
10297 2
11242 2
10085 2
11635 2
12126 2
11033 2
11994 2
10878 2
11740 2
12404 2
10870 2
8403 2
9868 2
12024 2
10226 2
8867 2
9495 2
11349 2
12181 2
12470 2
10157 2
10823 2
11570 2
7096 2
9809 2
10960 2
9350 2
9009 2
11775 2
9945 2
12128 2
11891 2
10403 2
8250 2
9103 2
11328 2
11912 2
12223 2
11391 2
10640 2
12162 2
10761 2
10660 2
9829 2
6340 2
9564 2
11371 2
9991 2
11241 2
11270 2
10717 2
12000 2
8960 2
9929 2
9964 2
7905 2
11993 2
7645 2
11056 2
10478 2
10311 2
10991 2
12069 2
11962 2
10974 2
7042 2
12257 2
10395 2
8731 2
7743 2
9791 2
9797 2
9785 2
10232 2
12372 2
11069 2
10620 2
8642 2
10655 2
10553 2
10779 2
12474 2
10186 2
11478 2
10077 2
10727 2
11758 2
8324 2
12317 2
2345 2
10600 2
12261 2
12141 2
11701 2
11412 3
7432 3
8246 3
5760 3
9227 3
10835 3
9620 3
9966 3
9799 3
10289 3
7573 3
11481 3
10918 3
11592 3
8146 3
10681 3
7944 3
6023 3
8956 3
9954 3
10162 3
7020 3
10794 3
5287 3
10398 3
7045 3
7202 3
9525 3
10891 3
6742 3
10065 3
10446 3
10492 3
10349 3
7477 3
10072 3
8232 3
7486 3
7949 3
11025 3
8481 3
9548 3
9698 3
9700 3
10959 3
4316 3
8638 3
9546 3
11235 3
5122 3
9787 3
7916 3
6951 3
9379 3
9150 3
8470 3
9601 3
11094 3
5766 3
6212 3
7803 3
8643 3
6856 3
11410 3
5502 3
9238 3
8256 3
10896 3
11595 3
6468 3
8404 3
7729 3
11144 3
9266 3
8319 3
7237 3
11162 3
8490 3
11545 3
9075 3
9913 3
11226 3
7026 3
7110 3
6282 3
10793 3
9088 3
10754 3
11388 3
11136 3
6697 3
11223 3
10480 3
8139 3
6719 3
8175 3
5720 3
7017 3
6855 3
8570 3
8909 3
10238 3
11062 3
10366 3
10641 3
10374 3
9822 3
11245 3
7451 3
8311 3
6243 3
10149 3
9198 3
8260 3
10224 3
9473 3
8541 3
8507 3
6838 3
5628 3
9669 3
11295 3
10392 3
10811 3
6737 3
9634 3
11063 3
10293 3
10435 3
11582 3
10499 3
9643 3
4161 3
9186 3
9323 3
9454 3
11503 3
10447 3
8270 3
10388 3
10545 3
8724 3
9947 3
6455 3
8381 3
6246 3
11548 3
6782 3
7227 3
9197 3
11348 3
9757 3
10440 3
8548 3
9556 3
7913 3
9503 3
9965 3
7737 3
5561 3
8452 3
6143 3
11219 3
9383 3
4038 3
10347 3
5371 3
6632 3
7726 3
7355 3
11558 3
6182 3
7855 3
10968 3
10922 3
10631 3
10521 3
10890 3
10598 3
10394 3
7541 3
9604 3
7544 3
3819 3
9140 3
3790 3
10679 3
11522 3
6711 3
8197 3
6170 3
10406 3
6390 3
9348 3
10154 3
9090 3
6564 3
11296 3
5449 3
5186 3
10924 3
9408 3
10485 3
9515 3
9130 3
8808 3
8221 3
7242 3
8244 3
8415 3
9811 3
9524 3
10592 3
8121 3
9528 3
11047 3
9730 3
7783 3
10177 3
7650 3
8211 3
10705 3
6141 3
7019 3
11441 3
11084 3
6051 3
10921 3
7994 3
9401 3
8459 3
7775 3
10142 3
6854 3
6688 3
10912 3
10692 3
8621 3
9243 3
11267 3
10842 3
5536 3
11166 3
7777 3
8912 3
8884 3
8841 3
10758 3
6521 3
10280 3
6813 3
7062 3
11021 3
8922 3
8133 3
5419 3
10915 3
7651 3
7710 3
10831 3
8046 3
9367 3
10972 3
10879 3
10488 3
4489 3
7542 3
10273 3
8817 3
9732 3
9856 3
10385 3
10125 3
9054 3
9001 3
9529 3
10796 3
4246 3
8589 3
9904 3
9960 3
9507 3
9114 3
8835 3
5337 3
10595 3
11070 3
6762 3
9381 3
9425 3
11504 3
11409 3
4323 3
10914 3
11057 3
9998 3
6775 3
9322 3
9097 3
11108 3
11547 3
8882 3
11275 3
5874 3
4446 3
11118 3
10391 3
11564 3
8705 3
8262 3
8979 3
6658 3
7678 3
10813 3
8472 3
8355 3
4362 3
10546 3
10659 3
11542 3
10178 3
7581 3
10205 3
9886 3
8408 3
8339 3
9682 3
4329 3
5258 3
10913 3
9050 3
9958 3
10101 3
8974 3
10691 3
10502 3
9800 3
9770 3
9597 3
10556 3
5875 3
7396 3
8850 3
11420 3
10184 3
5324 3
9237 3
10885 3
7823 3
8428 3
7877 3
11590 3
8399 3
6746 3
9796 3
7789 3
11494 3
11156 3
8770 3
10805 3
9583 3
7460 3
10999 3
5618 3
9607 3
9272 3
5895 3
10639 3
6895 3
3638 3
11196 3
7134 3
8358 3
10757 3
7986 3
7878 3
6519 3
6349 3
11024 3
10926 3
9015 3
8135 3
8126 3
9159 3
9461 3
10291 3
10984 3
6299 3
8225 3
6674 3
5481 3
6225 3
11486 3
10315 3
7997 3
6910 3
9632 3
8190 3
6945 3
10160 3
7600 3
10920 3
4959 3
9641 3
9714 3
11105 3
6689 3
10873 3
10116 3
7295 3
8480 3
6884 3
6687 3
11061 3
9375 3
8278 3
9713 3
8469 3
8155 3
10288 3
11120 3
9171 3
8676 3
10663 3
9046 3
10461 3
8964 3
8967 3
10137 3
10275 3
6401 3
9496 3
8893 3
6385 3
10000 3
9508 3
11555 3
7168 3
11116 3
6864 3
5700 3
10687 3
11041 3
11154 3
8982 3
9526 3
9918 3
10103 3
9950 3
11276 3
4765 3
9650 3
9109 3
5553 3
9226 3
11586 3
7401 3
9334 3
9309 3
7273 3
9689 3
7966 3
9745 3
8418 3
11089 3
11251 3
10712 3
7179 3
10817 3
11236 3
11093 3
10615 3
7322 3
10784 3
7473 3
10021 3
11468 3
6028 3
11510 3
8794 3
10344 3
7397 3
11377 3
6985 3
9031 3
5822 3
11280 3
10708 3
10124 3
6451 3
9885 3
10497 3
11437 3
6481 3
5455 3
9768 3
6329 3
8169 3
11554 3
7277 3
7367 3
10547 3
11541 3
9007 3
5862 3
6636 3
6503 3
6731 3
7558 3
5203 3
8161 3
8989 3
7183 3
9133 3
9193 3
9203 3
8883 3
10443 3
8053 3
4445 3
8013 3
8815 3
6676 3
9983 3
9421 3
9608 3
8520 3
6498 3
8936 3
10230 3
6124 3
8352 3
11042 3
9368 3
6255 3
10759 3
11493 3
8442 3
9466 3
10564 3
9772 3
11445 3
11106 3
10815 3
9957 3
11222 3
9572 3
11068 3
8907 3
9932 3
8360 3
10350 3
9365 3
7337 3
9840 3
10957 3
8620 3
9552 3
3316 3
8963 3
8138 3
10834 3
11087 3
9879 3
10062 3
7919 3
9841 3
8688 3
10067 3
10844 3
11563 3
10451 3
10852 3
11396 3
11095 3
10982 3
9409 3
11085 3
10714 3
10416 3
8635 3
11378 3
7035 3
7627 3
7052 3
10400 3
9867 3
11059 3
10401 3
10776 3
10693 3
5527 3
9181 3
8876 3
8345 3
10652 3
5513 3
8434 3
6712 3
11578 3
9002 3
7644 3
11101 3
9303 3
10425 3
9434 3
6339 3
9574 3
9580 3
9173 3
6865 3
9675 3
9778 3
9691 3
7116 3
10571 3
5649 3
9489 3
6988 3
8333 3
7008 3
7920 3
6815 3
9403 3
10882 3
5826 3
9716 3
4046 3
10731 3
11050 3
7564 3
6827 3
7461 3
9912 3
9232 3
10795 3
6766 3
8886 3
10066 3
5354 3
7238 3
5158 3
8240 3
7449 3
10627 3
11058 3
7579 3
9298 3
6066 3
10037 3
11193 3
5400 3
10698 3
9579 3
6483 3
11232 3
5380 3
5950 3
9831 3
7173 3
11163 3
10990 3
6982 3
7705 3
8233 3
10118 3
9480 3
10430 3
7418 3
8291 3
8164 3
7485 3
10973 3
11453 3
7793 3
6972 3
10634 3
9057 3
4346 3
9032 3
11591 3
9294 3
11137 3
9183 3
8796 3
11476 3
8630 3
11020 3
10910 3
10654 3
7847 3
10529 3
10911 3
5704 3
9527 3
8555 3
11517 3
10518 3
10917 3
8198 3
10429 3
10749 3
10225 3
8991 3
6698 3
6063 3
10133 3
9493 3
11288 3
10949 3
7815 3
9230 3
5646 3
8245 3
9415 3
5435 3
7618 3
6558 3
9089 3
6524 3
9290 3
9427 3
7556 3
4433 3
10938 3
9253 3
10102 3
8588 3
10829 3
10625 3
8166 3
9807 3
9976 3
9063 3
11335 3
7748 3
9600 3
8545 3
10740 3
8903 3
9795 3
8199 3
9194 3
5007 3
9903 3
9087 3
10351 3
8391 3
6261 3
6399 3
11165 3
9440 3
11186 3
9451 3
11480 3
7465 3
9854 3
9376 3
10985 3
7297 3
9942 3
10422 3
7554 3
8928 3
8943 3
7813 3
9282 3
10868 3
7071 3
11081 3
9435 3
10183 3
8877 3
10336 3
8804 3
7689 3
7118 3
8437 3
11505 3
11310 3
10448 3
9865 3
10468 3
11325 3
9039 3
8105 3
7880 3
11104 3
11067 3
10257 3
8466 3
7479 3
10645 3
9218 3
10434 3
9927 3
11350 3
8616 3
10092 3
10373 3
6800 3
8160 3
5635 3
6784 3
7070 3
8170 3
9034 3
8781 3
9656 3
11469 3
8911 3
7603 3
11038 3
7971 3
11333 3
8261 3
10267 3
9877 3
7521 3
10262 3
8706 3
11457 3
7614 3
9846 3
6541 3
6579 3
9506 3
8910 3
8953 3
9137 3
10069 3
8914 3
11205 3
5591 3
7098 3
10863 3
8788 3
9569 3
9706 3
6566 3
6845 3
10167 3
11384 3
11465 3
9192 3
9640 3
11160 3
8593 3
11334 3
9443 3
10741 3
9497 3
6758 3
9248 3
10648 3
11452 3
10145 3
11587 3
6472 3
9286 3
10455 3
11167 3
8307 3
7960 3
9737 3
9366 3
8509 3
6971 3
8443 3
10616 3
10463 3
9614 3
7759 3
6888 3
10002 3
10580 3
11113 3
10346 3
5095 3
6678 3
5803 3
11466 3
9233 3
10963 3
9499 3
7731 3
10750 3
8695 3
9127 3
9419 3
6709 3
9684 3
9683 3
11168 3
10032 3
10432 3
6290 3
11455 3
8926 3
11538 3
9105 3
8994 3
11571 3
6343 3
4677 3
9269 3
9990 3
11283 3
10007 3
7858 3
10375 3
11128 3
9611 3
11252 3
10673 3
8897 3
8812 3
5464 3
11439 3
9037 3
10090 3
7520 3
11594 3
8312 3
8732 3
9430 3
8925 3
7942 3
8055 3
9242 3
11329 3
10804 3
9845 3
8220 3
8954 3
9438 3
9520 3
10802 3
8107 3
8772 3
10298 3
9708 3
7218 3
6902 3
10603 3
9476 3
11098 3
8021 3
9468 3
10108 3
10491 3
10792 3
8716 3
7605 3
11479 3
4605 3
5990 3
9623 3
9577 3
9855 3
9398 3
11209 3
10702 3
8670 3
8870 3
9923 3
8463 3
10009 3
7143 3
8873 3
9648 3
9581 3
7540 3
10819 3
10286 3
5102 3
8862 3
4365 3
9013 3
7515 3
9295 3
10777 3
9630 3
9223 3
9457 3
11470 3
9247 3
10439 3
10418 3
11418 3
6528 3
6196 3
5796 3
10690 3
9902 3
7965 3
7716 3
8511 3
9000 3
7403 3
6045 3
9810 3
9559 3
8473 3
11211 3
10010 3
7795 3
10303 3
10665 3
8931 3
8462 3
8683 3
10871 3
11175 3
9774 3
7987 3
11353 3
8674 3
5547 3
6301 3
9538 3
8031 3
10797 3
11560 3
10715 3
6081 3
8618 3
7993 3
10170 3
10176 3
8134 3
9080 3
11366 3
11228 3
8656 3
8163 3
10951 3
11157 3
10194 3
10956 3
5471 3
9780 3
10464 3
7822 3
8728 3
8854 3
11035 3
7055 3
11313 3
11359 3
11230 3
10022 3
5478 3
8294 3
8843 3
8539 3
9064 3
10253 3
6166 3
10063 3
10340 3
7563 3
6970 3
8748 3
6505 3
11003 3
9672 3
10001 3
6014 3
9254 3
8891 3
11258 3
4884 3
8711 3
9482 3
4078 3
11562 3
7669 3
9222 3
8338 3
10324 3
6187 3
7371 3
10264 3
6005 3
11075 3
9852 3
7835 3
7300 3
11124 3
8990 3
7511 3
11140 3
11500 3
11397 3
8900 3
10330 3
11096 3
11194 3
10144 3
9101 3
8840 3
10552 3
8200 3
8859 3
7504 3
10234 3
9045 3
8407 3
9568 3
11405 3
8564 3
6736 3
8127 3
10140 3
8874 3
7555 3
8008 3
7922 3
8662 3
10946 3
10172 3
7286 3
10256 3
7604 3
10943 3
6617 3
5525 3
10522 3
6825 3
6926 3
9759 3
10187 3
11158 3
9971 3
9654 3
8063 3
10368 3
11064 3
6601 3
7492 3
7663 3
7073 3
7887 3
8206 3
7025 3
9058 3
9624 3
8856 3
6619 3
11532 3
8697 3
7457 3
10965 3
8558 3
7370 3
5854 3
6834 3
9539 3
9833 3
8332 3
10423 3
8671 3
7447 3
10526 3
9837 3
10051 3
8605 3
9153 3
10606 3
9793 3
6703 3
6681 3
11143 3
9346 3
7294 3
9164 3
10739 3
9471 3
10027 3
6700 3
11321 3
9824 3
10414 3
4156 3
10916 3
8145 3
10560 3
11307 3
9134 3
4964 3
11145 3
11514 3
9051 3
11031 3
8227 3
9389 3
10117 3
10242 3
9984 3
4685 3
4298 3
9590 3
9439 3
5335 3
8861 3
10274 3
6377 3
11561 3
10302 3
8543 3
10270 3
9354 3
9534 3
9333 3
10588 3
9518 3
10770 3
9082 3
8014 3
11432 3
9255 3
8602 3
8755 3
8076 3
8477 3
5205 3
10047 3
7437 3
9056 3
10316 3
10362 3
8257 3
6671 3
7833 3
9158 3
11569 3
10919 3
8971 3
7746 3
5998 3
11086 3
5516 3
9236 3
9803 3
10086 3
11299 3
11402 3
9268 3
8075 3
8349 3
7392 3
8366 3
9139 3
9297 3
8959 3
10562 3
8552 3
5507 3
11122 3
8377 3
11324 3
9981 3
10039 3
8661 3
11239 3
7004 3
8530 3
9815 3
4436 3
9394 3
6561 3
10780 3
9030 3
9723 3
7483 3
8549 3
6798 3
9168 3
11287 3
5579 3
4944 3
9019 3
10306 3
8598 3
8323 3
9999 3
11499 3
10260 3
7781 3
5504 3
8181 3
8813 3
6832 3
8424 3
8441 3
10613 3
10079 3
10136 3
8718 3
10601 3
7090 3
8344 3
5414 3
11379 3
7699 3
9229 3
7706 3
7661 3
6730 3
7901 3
9500 3
7550 3
10445 3
6668 3
11123 3
8920 3
10610 3
9628 3
11309 3
9866 3
10147 3
7253 3
8313 3
10331 3
4536 3
9980 3
10181 3
8666 3
6161 3
6272 3
8596 3
8687 3
8455 3
11357 3
8364 3
9920 3
10928 3
10279 3
10589 3
7308 3
10555 3
8214 3
7946 3
9143 3
9178 3
7561 3
9289 3
11341 3
11285 3
9562 3
10775 3
9490 3
8188 3
9678 3
7769 3
11022 3
9347 3
11100 3
9040 3
11401 3
9460 3
8092 3
10424 3
6774 3
11471 3
10486 3
5432 3
11502 3
9646 3
9402 3
10785 3
9514 3
7786 3
8210 3
9047 3
8282 3
11019 3
10378 3
8179 3
8652 3
10644 3
9596 3
10578 3
7430 3
9722 3
8440 3
8295 3
9570 3
8700 3
8147 3
8919 3
7065 3
9093 3
9510 3
9726 3
9157 3
11449 3
9972 3
7112 3
4588 3
9851 3
8968 3
10358 3
8995 3
8058 3
9621 3
10453 3
11544 3
9681 3
10669 3
8017 3
9364 3
10123 3
10281 3
8213 3
10064 3
10212 3
9571 3
8510 3
9342 3
10773 3
10602 3
10314 3
11261 3
8617 3
10845 3
8486 3
10989 3
9464 3
6755 4
7797 4
9234 4
3737 4
8612 4
8412 4
8180 4
9652 4
7712 4
6949 4
9488 4
4568 4
9860 4
4880 4
7750 4
7973 4
8492 4
8201 4
6262 4
10014 4
4143 4
9449 4
7980 4
7625 4
7819 4
7700 4
9044 4
8601 4
6332 4
9874 4
9742 4
9474 4
7615 4
6620 4
9144 4
8532 4
9149 4
6625 4
10040 4
5367 4
6053 4
10135 4
6824 4
6392 4
7939 4
8236 4
5184 4
3688 4
5222 4
7860 4
7189 4
8142 4
5490 4
6020 4
5701 4
10269 4
7824 4
9671 4
10558 4
4713 4
10268 4
9848 4
8043 4
9843 4
9575 4
6682 4
8497 4
10551 4
7323 4
8576 4
9668 4
7334 4
6728 4
10310 4
6512 4
7798 4
9327 4
8515 4
8651 4
5428 4
5353 4
10050 4
6169 4
5674 4
8194 4
5107 4
9484 4
9615 4
9995 4
9725 4
7502 4
9267 4
7839 4
9565 4
8789 4
7703 4
4031 4
7654 4
4614 4
8923 4
7171 4
8801 4
4334 4
10386 4
7953 4
7844 4
8049 4
8341 4
9925 4
7551 4
6715 4
6001 4
9078 4
8369 4
4791 4
7393 4
7593 4
6078 4
10215 4
6547 4
9792 4
8009 4
7584 4
3750 4
6435 4
9413 4
6375 4
8819 4
8171 4
10055 4
9900 4
6723 4
5595 4
5431 4
8036 4
7990 4
7854 4
9916 4
4667 4
7727 4
9330 4
4133 4
8693 4
7395 4
6373 4
3686 4
9235 4
4806 4
7629 4
7713 4
5010 4
7109 4
6258 4
6935 4
8785 4
7127 4
6872 4
8822 4
6850 4
6841 4
10604 4
9155 4
7360 4
8639 4
9666 4
7185 4
6546 4
6082 4
5297 4
8365 4
3766 4
7817 4
9756 4
8702 4
10444 4
7776 4
6431 4
9277 4
5389 4
7601 4
5008 4
9784 4
5534 4
8187 4
5988 4
7260 4
6881 4
5275 4
5684 4
9377 4
7398 4
6684 4
5571 4
10164 4
3115 4
6732 4
6198 4
9208 4
10472 4
6040 4
7969 4
5124 4
10402 4
8251 4
9547 4
7995 4
8784 4
7736 4
8217 4
6705 4
9312 4
5936 4
5770 4
10407 4
7121 4
8709 4
8426 4
6442 4
9085 4
9996 4
6560 4
10122 4
10153 4
8649 4
10457 4
10409 4
8367 4
8860 4
10519 4
9296 4
7870 4
5829 4
7804 4
8774 4
8521 4
8487 4
6666 4
9553 4
6797 4
6789 4
7686 4
3377 4
8632 4
9239 4
7956 4
9221 4
9083 4
5702 4
5679 4
9338 4
9079 4
10591 4
9587 4
3617 4
8292 4
10053 4
10169 4
5867 4
9458 4
8765 4
6175 4
7921 4
6174 4
10109 4
8578 4
4635 4
9357 4
6441 4
4437 4
7003 4
8973 4
5832 4
8699 4
9073 4
7050 4
7611 4
7496 4
8627 4
6793 4
6911 4
8077 4
8099 4
3307 4
8869 4
7968 4
5578 4
6857 4
7616 4
8078 4
5809 4
6538 4
9006 4
4641 4
6491 4
5821 4
7249 4
6061 4
5564 4
10359 4
7893 4
10462 4
5666 4
8708 4
5398 4
10088 4
10121 4
8118 4
9213 4
7167 4
8609 4
7680 4
5270 4
4591 4
8613 4
8584 4
7039 4
7307 4
3284 4
8980 4
8288 4
7027 4
10203 4
9033 4
5787 4
7210 4
6257 4
8300 4
9356 4
9005 4
6139 4
5555 4
7206 4
10573 4
7500 4
8100 4
9400 4
8089 4
6029 4
9244 4
9212 4
7172 4
8691 4
8165 4
8858 4
3132 4
6764 4
9426 4
6669 4
10134 4
9679 4
7886 4
7771 4
6627 4
10112 4
6842 4
9676 4
6350 4
8537 4
6216 4
9428 4
10082 4
8579 4
7852 4
9987 4
7327 4
6861 4
3811 4
9861 4
8237 4
9262 4
5224 4
9978 4
5814 4
8073 4
9077 4
8045 4
9251 4
8101 4
8386 4
10343 4
9012 4
8536 4
9522 4
6923 4
7807 4
10335 4
8987 4
6761 4
9647 4
5360 4
4773 4
8314 4
8631 4
7790 4
7455 4
6026 4
9517 4
3200 4
5976 4
9131 4
8846 4
10365 4
7724 4
5041 4
6947 4
6597 4
7290 4
10520 4
9166 4
7217 4
5140 4
4098 4
8025 4
9595 4
8615 4
9372 4
8542 4
6786 4
10188 4
8420 4
8896 4
8654 4
9228 4
7624 4
9126 4
6611 4
7523 4
6909 4
8830 4
10541 4
8983 4
9086 4
7648 4
6747 4
8519 4
8947 4
8502 4
9740 4
6247 4
4951 4
9651 4
10449 4
7702 4
9217 4
7709 4
8894 4
7841 4
7426 4
7606 4
7162 4
6403 4
7562 4
5430 4
10191 4
5061 4
7265 4
8354 4
9170 4
6027 4
9351 4
5026 4
8875 4
8000 4
10465 4
8158 4
8071 4
8863 4
6417 4
9908 4
10337 4
7837 4
9558 4
7044 4
7131 4
6991 4
10574 4
7493 4
7672 4
7510 4
8746 4
5813 4
6429 4
10200 4
10263 4
8122 4
6892 4
6245 4
8293 4
8721 4
9167 4
2379 4
8932 4
10070 4
9592 4
6427 4
9169 4
8831 4
2863 4
7031 4
8717 4
8423 4
8006 4
8655 4
5920 4
7728 4
9823 4
8387 4
6418 4
9250 4
9245 4
8512 4
7590 4
6416 4
8790 4
10474 4
6978 4
9613 4
7951 4
8350 4
8098 4
10054 4
7316 4
10036 4
6833 4
9588 4
8231 4
8400 4
9279 4
7375 4
4559 4
6622 4
7838 4
8672 4
8296 4
8151 4
9674 4
9187 4
10239 4
4995 4
8302 4
9405 4
8828 4
6738 4
8865 4
7489 4
9321 4
7347 4
8546 4
4646 4
9179 4
9821 4
7338 4
6438 4
7364 4
8184 4
8726 4
5588 4
8322 4
9992 4
8436 4
9116 4
6593 4
7041 4
7324 4
5030 4
7038 4
4739 4
3643 4
10436 4
3053 4
5382 4
7377 4
9225 4
4185 4
7467 4
4668 4
4306 4
6690 4
7093 4
6631 4
6171 4
7099 4
8641 4
9938 4
7082 4
9416 4
8057 4
7586 4
10071 4
4563 4
6720 4
4986 4
6752 4
7765 4
6108 4
9271 4
5012 4
7335 4
5685 4
9176 4
6307 4
9963 4
9715 4
8406 4
7023 4
7472 4
7884 4
9649 4
6649 4
5475 4
6030 4
7157 4
9637 4
8769 4
4341 4
9343 4
9576 4
5167 4
7902 4
7929 4
9340 4
7658 4
8832 4
8476 4
7872 4
10454 4
9074 4
6446 4
10590 4
4712 4
10438 4
8572 4
8193 4
8933 4
9360 4
6954 4
8826 4
6962 4
10259 4
9660 4
3808 4
7350 4
8768 4
6968 4
5972 4
6817 4
5917 4
10131 4
6015 4
5433 4
8793 4
8266 4
7278 4
8401 4
7805 4
7497 4
3370 4
9813 4
7591 4
9953 4
10384 4
6298 4
6602 4
8383 4
10568 4
6946 4
5741 4
4982 4
8417 4
9317 4
7402 4
6724 4
7404 4
7224 4
6880 4
9535 4
7074 4
2704 4
9884 4
8106 4
9504 4
9465 4
6551 4
2856 4
6634 4
10114 4
8544 4
9560 4
7910 4
9314 4
8022 4
10074 4
8289 4
8337 4
8760 4
8205 4
5968 4
9162 4
8388 4
8037 4
4427 4
9436 4
9231 4
10155 4
5636 4
5021 4
6490 4
8734 4
8034 4
6765 4
6289 4
8416 4
9472 4
6589 4
8608 4
6197 4
7369 4
8996 4
9301 4
6312 4
7124 4
5769 4
7745 4
9352 4
8499 4
7385 4
6904 4
5812 4
8667 4
8395 4
6160 4
6804 4
4894 4
9335 4
3909 4
8226 4
7580 4
6075 4
9020 4
3843 4
9399 4
9685 4
7250 4
8471 4
4684 4
10193 4
9606 4
9516 4
7890 4
10475 4
9190 4
10322 4
9711 4
8059 4
8379 4
8182 4
8535 4
8517 4
6704 4
7787 4
5897 4
7610 4
7305 4
3233 4
9586 4
8930 4
10163 4
10276 4
7675 4
4448 4
8749 4
9096 4
8663 4
7353 4
10420 4
8062 4
10192 4
9896 4
7735 4
8498 4
8851 4
8853 4
9319 4
9969 4
10255 4
7533 4
8807 4
6741 4
10563 4
7577 4
7816 4
8222 4
8457 4
8866 4
6549 4
8023 4
9036 4
4492 4
3903 4
10572 4
10348 4
6916 4
9165 4
4290 4
6280 4
5790 4
4925 4
7107 4
10412 4
8680 4
8301 4
6828 4
10599 4
8084 4
6095 4
8531 4
10667 4
8032 4
8258 4
8720 4
7539 4
8330 4
6776 4
5673 4
7524 4
5427 4
6292 4
10550 4
7499 4
8209 4
9136 4
6032 4
9690 4
8689 4
10171 4
10127 4
8992 4
9818 4
6168 4
6291 4
7475 4
5521 4
2756 4
8069 4
5179 4
9459 4
6907 4
10158 4
6683 4
8368 4
4859 4
9432 4
10313 4
8581 4
10477 4
8422 4
6432 4
8456 4
8040 4
9276 4
8563 4
7962 4
7488 4
8847 4
8685 4
9812 4
2063 4
9207 4
10342 4
6790 4
9738 4
3681 4
7975 4
10301 4
8120 4
8619 4
9638 4
4840 4
10674 4
10204 4
8557 4
7589 4
5362 4
8704 4
6795 4
7454 4
8421 4
4828 4
7914 4
6754 4
3192 4
10236 4
10016 4
9214 4
7948 4
5306 4
8064 4
9395 4
6647 4
9537 4
7917 4
5999 4
7569 4
9705 4
6596 4
9673 4
5121 4
8157 4
6862 4
7469 4
7806 4
4558 4
7649 4
10060 4
8015 4
5707 4
9598 4
7212 4
6691 4
6113 4
4554 4
8929 4
8460 4
6957 4
6664 4
7174 4
7158 4
10132 4
7553 4
7660 4
10126 4
8637 4
9748 4
8797 4
6713 4
9141 4
8592 4
8271 4
8425 4
5583 4
7784 4
10629 4
3007 4
6979 4
9863 4
7254 4
6582 4
9273 4
5794 4
9092 4
5967 4
7911 4
7691 4
10130 4
8852 4
7366 4
9849 4
7871 4
8799 4
7991 4
9882 4
8864 4
8277 4
10243 4
8712 4
9765 4
10670 4
5546 4
8218 4
8325 4
5931 4
5651 4
7802 4
8855 4
8800 4
9910 4
7820 4
4338 4
9429 4
8582 4
4990 4
8385 4
9331 4
4853 4
7383 4
7114 4
10271 4
5256 4
9872 4
7898 4
6759 4
7863 4
3545 4
9467 4
7491 4
7251 4
8272 4
5050 4
8359 4
5793 4
3486 4
10005 4
7704 4
9589 4
6868 4
3561 4
7336 4
7876 4
9336 4
4962 4
10469 4
10093 4
7528 4
8940 4
8640 4
8844 4
10597 4
8223 4
10201 4
8773 4
7794 4
8229 4
7021 4
10411 4
9414 4
10223 4
3812 4
9697 4
9790 4
5624 4
8659 4
7216 4
7568 4
9670 4
10028 4
10419 4
7333 4
8086 4
10159 4
7415 4
6805 4
4967 4
8329 4
6917 4
6470 4
9924 4
9662 4
7768 4
10508 4
6135 4
8792 4
10208 4
9195 4
8088 4
10410 4
5002 4
9718 4
9946 4
6655 4
9407 4
8018 4
7054 4
6810 4
10035 4
5929 4
6958 4
4810 4
7639 4
8047 4
6513 4
6456 4
10596 4
4952 4
8405 4
5869 4
9022 4
6025 4
10471 4
6306 4
6157 4
7873 4
9653 4
8435 4
10233 4
10382 4
10110 4
8771 4
6527 4
10207 4
5567 4
6034 4
4723 4
7996 4
10487 4
6879 4
5993 4
9410 4
5407 4
5914 4
9156 4
10107 4
6918 4
8997 4
10029 4
8948 4
4335 4
6013 4
9307 4
8081 4
8816 4
7194 4
9566 4
4805 4
5257 4
6236 4
10426 4
9858 4
8411 4
9098 4
10677 4
5722 4
9936 4
8494 4
6295 4
5705 4
6159 4
4839 4
10537 4
8913 4
6645 4
10593 4
8525 4
9246 4
9667 4
9724 4
7984 4
9052 4
8565 4
9549 4
8346 4
8380 4
9782 4
6235 4
9382 4
5615 4
10317 4
6980 4
7628 4
7739 4
9071 4
3329 4
5596 4
6420 4
9062 4
8299 4
7869 4
8297 4
8556 4
9147 4
10396 4
7269 4
8444 4
6606 4
7696 4
6260 4
8321 4
6651 4
7583 4
10024 4
6238 4
7688 4
9151 4
6686 4
4541 4
6501 4
7634 4
7263 4
5585 4
7897 4
4611 4
9437 4
4647 4
6153 4
7214 4
9099 4
10381 4
8038 4
7959 4
7481 4
8048 4
6145 4
5748 4
7190 4
10138 4
9479 4
6573 4
9994 4
8568 4
3359 4
4083 4
8762 4
7439 4
7340 4
7780 4
8482 4
9061 4
5731 4
9196 4
7567 4
9911 4
10608 4
9270 4
6471 4
7192 4
7874 4
8185 4
9501 4
9424 4
10098 4
8467 4
7399 4
10148 4
5406 4
5778 4
6094 4
7708 4
4157 4
7478 4
9310 4
9265 4
7289 4
9066 4
9993 4
10649 4
7424 4
4326 4
9249 4
8392 4
6605 4
6716 4
6814 4
10633 4
10481 4
9420 4
7723 4
10500 4
8887 4
6887 4
5511 4
7160 4
8351 4
9200 4
9633 4
7534 4
9361 4
9252 4
8281 4
6022 4
6984 4
6727 4
9320 4
8571 4
7361 4
10111 4
8363 4
9573 4
8178 4
6639 4
6592 4
9754 4
6548 4
8433 4
8241 4
6860 4
7800 4
9210 4
6252 4
7113 4
10097 4
8446 4
8362 4
5413 4
9172 4
5300 4
7848 4
9935 4
7419 4
7782 4
7036 4
8955 4
5623 4
7694 4
9355 4
4984 4
6107 5
9332 5
6239 5
8478 5
4431 5
7303 5
7930 5
5925 5
4864 5
7068 5
5264 5
6739 5
4907 5
9397 5
6140 5
6530 5
7684 5
6036 5
6542 5
6760 5
6852 5
8152 5
7193 5
8111 5
5699 5
6995 5
5503 5
7240 5
7311 5
7348 5
7296 5
5201 5
3977 5
8906 5
6364 5
7476 5
7156 5
9578 5
6360 5
6662 5
6482 5
4756 5
9418 5
3743 5
7453 5
5717 5
4676 5
5075 5
8540 5
5047 5
5541 5
6207 5
4174 5
5941 5
8945 5
3886 5
5014 5
8195 5
5632 5
5446 5
7537 5
6146 5
8375 5
4704 5
6735 5
7006 5
8268 5
5883 5
6356 5
5067 5
7508 5
6444 5
6330 5
5708 5
6220 5
8580 5
8625 5
7717 5
5974 5
7738 5
3883 5
8553 5
6785 5
7047 5
5452 5
8677 5
8275 5
5761 5
5190 5
8594 5
7466 5
7105 5
6837 5
7315 5
8547 5
4235 5
6033 5
6405 5
6125 5
4742 5
5771 5
2778 5
6079 5
4274 5
4464 5
2346 5
7778 5
3963 5
5234 5
9160 5
8811 5
4968 5
9445 5
8684 5
7381 5
6707 5
6722 5
7740 5
5080 5
5308 5
4470 5
6368 5
5077 5
8962 5
5942 5
7853 5
6607 5
6087 5
6089 5
2010 5
7400 5
6969 5
6308 5
5476 5
7635 5
5855 5
5145 5
7850 5
7719 5
7086 5
9582 5
7434 5
5169 5
8453 5
5765 5
6320 5
7184 5
7245 5
4759 5
8117 5
7095 5
3877 5
5650 5
5171 5
5415 5
6922 5
7834 5
4010 5
7958 5
5890 5
7758 5
4837 5
8898 5
4426 5
6891 5
8849 5
6997 5
6929 5
5477 5
5665 5
6092 5
6890 5
4127 5
9285 5
8634 5
6508 5
7715 5
7022 5
4602 5
5586 5
6183 5
8810 5
7598 5
4259 5
6253 5
8782 5
4747 5
7933 5
4972 5
8219 5
7632 5
8112 5
8140 5
7319 5
7487 5
7138 5
4924 5
4626 5
7801 5
9362 5
5165 5
5482 5
6163 5
6495 5
6534 5
5029 5
5033 5
6708 5
7974 5
9113 5
6525 5
9055 5
8067 5
8051 5
6327 5
6652 5
6819 5
8308 5
6781 5
6710 5
4515 5
9385 5
7977 5
2365 5
8629 5
7918 5
6203 5
5204 5
7849 5
9677 5
5032 5
8821 5
6112 5
3578 5
8242 5
8899 5
5887 5
8508 5
3095 5
9161 5
6859 5
5910 5
7413 5
5540 5
4444 5
5459 5
4417 5
8474 5
6167 5
6294 5
5104 5
4619 5
6318 5
6422 5
4065 5
7325 5
8503 5
3586 5
6772 5
2615 5
8159 5
4912 5
8977 5
5151 5
8334 5
5627 5
7140 5
7785 5
6269 5
7945 5
5713 5
5742 5
7972 5
5838 5
8074 5
6473 5
8744 5
6863 5
4255 5
4217 5
5820 5
5480 5
5495 5
8538 5
4419 5
6572 5
4309 5
4841 5
5529 5
8722 5
8393 5
7667 5
4499 5
5557 5
7662 5
7330 5
7332 5
6302 5
4312 5
5569 5
8791 5
8600 5
6127 5
7474 5
6310 5
4729 5
4607 5
7394 5
6956 5
7859 5
5554 5
4343 5
8766 5
6773 5
7774 5
6449 5
8838 5
7258 5
9107 5
6953 5
8735 5
7608 5
3951 5
8533 5
9258 5
7926 5
4905 5
4787 5
8664 5
6436 5
4190 5
4328 5
3755 5
9199 5
7339 5
6479 5
7204 5
8786 5
5417 5
4801 5
6073 5
7199 5
7602 5
6176 5
6771 5
6915 5
6667 5
6557 5
9038 5
8493 5
2989 5
4851 5
6335 5
5079 5
8397 5
5924 5
4886 5
7287 5
7149 5
5899 5
8056 5
5550 5
5858 5
7191 5
8378 5
7196 5
4332 5
5626 5
7532 5
8534 5
3497 5
7879 5
6502 5
7288 5
6990 5
9626 5
5055 5
4895 5
8750 5
5180 5
5965 5
7170 5
8156 5
3117 5
5494 5
7417 5
8114 5
4414 5
5876 5
2848 5
7180 5
5831 5
7283 5
9483 5
9339 5
8824 5
4814 5
6328 5
3826 5
7574 5
5448 5
8924 5
7408 5
5462 5
7136 5
6575 5
6961 5
8304 5
5153 5
6743 5
5370 5
8626 5
7328 5
3057 5
6477 5
7102 5
9011 5
5078 5
6699 5
4191 5
9659 5
7767 5
7351 5
4865 5
7011 5
8583 5
9661 5
6445 5
8054 5
4033 5
3217 5
4402 5
6635 5
6928 5
8723 5
5611 5
7079 5
8569 5
4267 5
6679 5
4854 5
6823 5
5327 5
8042 5
5995 5
3915 5
6353 5
7964 5
8754 5
4870 5
6650 5
7681 5
3856 5
8060 5
4749 5
5607 5
8389 5
6110 5
7236 5
6362 5
8061 5
4114 5
3525 5
5341 5
8320 5
6244 5
9256 5
8357 5
5515 5
8668 5
7587 5
6536 5
5286 5
5284 5
4852 5
3241 5
6580 5
6638 5
5946 5
5587 5
7130 5
5767 5
9283 5
6387 5
7436 5
8280 5
6899 5
7621 5
6147 5
4601 5
6921 5
2419 5
5506 5
7811 5
6520 5
5136 5
6518 5
6313 5
5825 5
8125 5
7087 5
4530 5
3847 5
6821 5
6374 5
4168 5
5085 5
7826 5
4404 5
7903 5
6447 5
8692 5
7139 5
2535 5
6618 5
9622 5
8892 5
3823 5
4526 5
7226 5
6367 5
6230 5
6889 5
9739 5
7480 5
6696 5
5656 5
6102 5
5310 5
6992 5
5038 5
4877 5
7445 5
6296 5
7423 5
8143 5
8080 5
5900 5
5238 5
8247 5
7205 5
6744 5
7232 5
7637 5
7243 5
5996 5
6172 5
8172 5
8091 5
6228 5
2716 5
5456 5
4411 5
8756 5
4869 5
7080 5
5687 5
3962 5
7083 5
8335 5
4393 5
6231 5
5198 5
8264 5
6288 5
5604 5
7889 5
6173 5
6439 5
7809 5
4596 5
3262 5
7934 5
8650 5
6939 5
7943 5
6341 5
4597 5
8623 5
8305 5
8648 5
8141 5
9326 5
3902 5
7679 5
6126 5
7865 5
6643 5
2180 5
3896 5
6725 5
6701 5
8287 5
6372 5
6090 5
6211 5
8269 5
8432 5
7018 5
4398 5
5361 5
3692 5
6673 5
8396 5
8448 5
4890 5
8228 5
7857 5
8027 5
5512 5
6469 5
9284 5
7888 5
9747 5
9644 5
6753 5
7444 5
8249 5
7309 5
3721 5
6522 5
7416 5
2312 5
4352 5
6371 5
8653 5
7178 5
7456 5
7883 5
4303 5
4053 5
9371 5
5423 5
6259 5
6406 5
6215 5
6858 5
9557 5
9532 5
6919 5
3859 5
7954 5
8110 5
8597 5
6204 5
6496 5
7420 5
5830 5
5697 5
7503 5
4388 5
7538 5
8070 5
6396 5
8966 5
9664 5
7818 5
8951 5
8087 5
7514 5
4222 5
6293 5
7153 5
9441 5
4182 5
9042 5
7862 5
6876 5
7988 5
8129 5
8267 5
8829 5
6802 5
7032 5
5709 5
2939 5
8935 5
8595 5
6656 5
8186 5
5352 5
3765 5
7198 5
4084 5
6484 5
8284 5
7652 5
8315 5
6448 5
3514 5
7115 5
6778 5
7981 5
7751 5
7831 5
7358 5
7671 5
6925 5
6144 5
6976 5
9450 5
8203 5
5850 5
5593 5
7861 5
8560 5
7535 5
7146 5
6366 5
7363 5
5381 5
6506 5
3105 5
5317 5
3351 5
8742 5
8777 5
6940 5
9411 5
7151 5
4459 5
4250 5
8094 5
7391 5
5853 5
9422 5
8842 5
8290 5
7270 5
6497 5
6829 5
9115 5
6461 5
7091 5
3085 5
7372 5
8575 5
5138 5
7072 5
2353 5
7357 5
8068 5
9657 5
7150 5
6516 5
6084 5
8737 5
7239 5
5092 5
6138 5
4330 5
6873 5
4187 5
4115 5
6533 5
4960 5
3454 5
6767 5
7906 5
8414 5
7607 5
3948 5
7147 5
6229 5
5378 5
7875 5
7695 5
8491 5
7827 5
3838 5
4916 5
7892 5
7280 5
8153 5
9026 5
5199 5
3854 5
7597 5
1665 5
5218 5
7125 5
6882 5
2403 5
7565 5
7566 5
2858 5
4241 5
8577 5
7359 5
6967 5
6485 5
6931 5
3267 5
4987 5
6411 5
5120 5
6466 5
5772 5
8727 5
6633 5
6694 5
7653 5
5048 5
7471 5
7927 5
6086 5
4502 5
8238 5
5422 5
8004 5
5926 5
7575 5
6885 5
7089 5
3864 5
6297 5
5629 5
8066 5
9540 5
8039 5
8276 5
8279 5
9010 5
8696 5
6279 5
8647 5
7181 5
5383 5
7425 5
5906 5
6035 5
8599 5
5947 5
4727 5
3895 5
7374 5
7129 5
6779 5
8908 5
5429 5
7378 5
7770 5
6039 5
6898 5
8857 5
7081 5
7656 5
6265 5
5438 5
6193 5
8108 5
2496 5
5807 5
7443 5
4430 5
8484 5
6047 5
4355 5
7836 5
5775 5
7009 5
7498 5
6088 5
6960 5
6101 5
4242 5
7064 5
7846 5
7619 5
7267 5
5196 5
7075 5
6587 5
8044 5
8878 5
6718 5
8561 5
6740 5
9591 5
3379 5
7252 5
7506 5
6964 5
8524 5
5411 5
6610 5
7572 5
4566 5
8845 5
7622 5
4396 5
6796 5
6370 5
7043 5
6937 5
7135 5
7938 5
6975 5
4950 5
7225 5
9423 5
4506 5
6729 5
4757 5
2973 5
9305 5
7909 5
7642 5
8115 5
4971 5
7792 5
3695 5
3745 5
7429 5
6067 5
5804 5
7752 5
8529 5
5302 5
9324 5
9308 5
7030 5
4631 5
6562 5
3223 5
9106 5
8764 5
7182 5
8523 5
8029 5
7940 5
4650 5
4045 5
6590 5
5932 5
5017 5
6315 5
7692 5
5069 5
3141 5
4528 5
4021 5
5837 5
9108 5
9442 5
6071 5
7832 5
8445 5
6646 5
6185 5
4513 5
5265 5
5745 5
7763 5
7344 5
6428 5
7505 5
6648 5
3733 5
6780 5
5824 5
7470 5
6412 5
9363 5
6129 5
7440 5
9123 5
4013 5
6955 5
5694 5
5486 5
4965 5
5314 5
4680 5
9603 5
3969 5
6106 5
5349 5
6361 5
6109 5
7159 5
7048 5
9486 5
9215 5
7306 5
7657 5
5549 5
7060 5
5132 5
5908 5
3112 5
7084 5
6226 5
7441 5
7676 5
8759 5
7531 5
6944 5
5355 5
7762 5
9610 5
7092 5
7298 5
6322 5
6665 5
8079 5
7734 5
5119 5
5663 5
6064 5
7685 5
5100 5
6748 5
6303 5
5729 5
8686 5
8373 5
2752 5
5880 5
9502 5
7617 5
3487 5
6192 5
6930 5
6933 5
6232 5
8317 5
7631 5
7200 5
4177 5
3496 5
8714 5
7983 5
5823 5
5461 5
5451 5
7016 5
7203 5
4534 5
9318 5
7013 5
5758 5
8729 5
6983 5
9043 5
7015 5
5268 5
8779 5
6194 5
6058 5
4186 6
4229 6
4709 6
4353 6
4234 6
6830 6
6965 6
7744 6
5815 6
2811 6
3872 6
2757 6
7188 6
8504 6
3462 6
7895 6
5458 6
6083 6
5686 6
5139 6
3975 6
4103 6
7234 6
5437 6
5090 6
5744 6
5544 6
5913 6
5680 6
6224 6
8551 6
4447 6
5828 6
7365 6
5740 6
3653 6
7175 6
4957 6
7559 6
5868 6
7051 6
5971 6
4504 6
7411 6
7318 6
4735 6
7331 6
6437 6
5739 6
4315 6
7630 6
7314 6
4929 6
6337 6
2372 6
3942 6
7161 6
5842 6
7387 6
6217 6
3924 6
4037 6
6462 6
5110 6
4998 6
4721 6
5023 6
5348 6
2694 6
3722 6
6381 6
6818 6
3674 6
6932 6
7866 6
5757 6
7120 6
5130 6
6950 6
7714 6
4511 6
4576 6
5091 6
7546 6
4009 6
8113 6
1809 6
6565 6
5212 6
7928 6
2886 6
8429 6
7046 6
5221 6
4732 6
7433 6
5989 6
7407 6
6559 6
6393 6
3979 6
6388 6
4522 6
3228 6
6284 6
5081 6
6924 6
5698 6
6426 6
6043 6
5568 6
4737 6
7264 6
5024 6
3682 6
4367 6
7111 6
5487 6
3973 6
3554 6
5312 6
4368 6
5927 6
2668 6
7450 6
5391 6
4469 6
4900 6
5298 6
4463 6
5334 6
5346 6
6726 6
4669 6
4300 6
5123 6
4885 6
6581 6
7442 6
7256 6
4124 6
6237 6
4883 6
5064 6
7228 6
3723 6
4408 6
5901 6
7978 6
7821 6
8394 6
7741 6
5816 6
6103 6
6060 6
3108 6
6100 6
1825 6
6345 6
6717 6
6908 6
5484 6
7320 6
3898 6
5633 6
5217 6
8848 6
6190 6
6010 6
5582 6
5143 6
7674 6
5126 6
4507 6
7272 6
4979 6
3580 6
5712 6
6041 6
4867 6
3783 6
3726 6
6487 6
7529 6
7941 6
5187 6
7257 6
8413 6
6849 6
4072 6
5960 6
6274 6
1649 6
2833 6
7979 6
3741 6
4364 6
4480 6
3804 6
4889 6
7275 6
6369 6
3753 6
8610 6
7058 6
5183 6
3634 6
5911 6
3978 6
5951 6
6421 6
5340 6
5479 6
4485 6
7282 6
4291 6
7435 6
8010 6
7061 6
6702 6
7209 6
6996 6
6227 6
5274 6
8703 6
2429 6
6751 6
4450 6
3751 6
6556 6
4240 6
4159 6
6544 6
7683 6
2435 6
3999 6
4505 6
8698 6
3865 6
6936 6
3633 6
3991 6
5509 6
3321 6
5385 6
4394 6
6500 6
5343 6
7248 6
4360 6
5753 6
8024 6
6897 6
7626 6
5137 6
8016 6
4609 6
6486 6
5860 6
7599 6
8065 6
4535 6
2411 6
5115 6
6600 6
5545 6
7955 6
2600 6
3107 6
4722 6
7386 6
7223 6
5035 6
8005 6
5921 6
3683 6
4538 6
3899 6
6457 6
3367 6
6692 6
6359 6
7380 6
5142 6
3874 6
7001 6
2215 6
1525 6
8011 6
5141 6
5005 6
3982 6
4948 6
5805 6
5930 6
7122 6
7912 6
5404 6
7718 6
6621 6
2759 6
7094 6
5621 6
4555 6
5919 6
3504 6
2664 6
5379 6
5877 6
5492 6
3919 6
5442 6
6626 6
6003 6
3840 6
4688 6
7132 6
3046 6
7754 6
3868 6
4844 6
4020 6
2914 6
5992 6
5881 6
5175 6
4849 6
5978 6
7766 6
3445 6
7002 6
7808 6
4244 6
7952 6
6993 6
3154 6
5408 6
6065 6
7268 6
6913 6
4752 6
5642 6
7040 6
4166 6
3172 6
8528 6
3650 6
5754 6
5485 6
6903 6
5223 6
7519 6
2864 6
6851 6
6378 6
8879 6
4662 6
6363 6
7507 6
6314 6
6677 6
5127 6
4678 6
8191 6
6278 6
8885 6
4976 6
7931 6
5424 6
1978 6
2529 6
7197 6
5979 6
5197 6
4933 6
7673 6
8372 6
5319 6
8495 6
1794 6
5670 6
6070 6
6554 6
7772 6
7077 6
4653 6
5214 6
4019 6
4321 6
5208 6
8310 6
6893 6
4096 6
5396 6
5094 6
5498 6
6021 6
4113 6
5418 6
7101 6
3295 6
4956 6
4356 6
2948 6
3180 6
6465 6
4424 6
4134 6
8587 6
2738 6
6535 6
1859 6
4826 6
6024 6
5839 6
6583 6
5659 6
4051 6
5191 6
4119 6
6234 6
5773 6
5953 6
5470 6
4118 6
8035 6
4503 6
5602 6
6042 6
6304 6
6768 6
4311 6
5063 6
4061 6
6325 6
7549 6
5125 6
5273 6
3417 6
6347 6
5784 6
5783 6
3387 6
6210 6
7329 6
5818 6
6386 6
8285 6
7594 6
7049 6
7976 6
5711 6
3323 6
4384 6
7313 6
6342 6
6905 6
3669 6
4307 6
7462 6
7409 6
3947 6
3144 6
4354 6
4086 6
6614 6
6080 6
6164 6
5051 6
2870 6
6476 6
3425 6
7292 6
5781 6
1980 6
5866 6
4574 6
8331 6
5285 6
5863 6
8309 6
7067 6
4068 6
6659 6
7687 6
6214 6
4613 6
3106 6
7812 6
5052 6
5250 6
4575 6
4409 6
2094 6
6115 6
5409 6
8028 6
4545 6
3803 6
6877 6
6874 6
7056 6
7512 6
4671 6
7010 6
6494 6
4673 6
6046 6
5938 6
5750 6
2763 6
6365 6
4771 6
7530 6
4385 6
6059 6
4148 6
5231 6
5098 6
3651 6
6383 6
6986 6
3083 6
4295 6
6801 6
7152 6
4594 6
3210 6
5734 6
3612 6
4761 6
7665 6
6783 6
4567 6
4947 6
5219 6
7779 6
6509 6
6578 6
5277 6
3940 6
7247 6
6317 6
1198 6
8353 6
3455 6
2971 6
5338 6
7967 6
8131 6
5004 6
4135 6
5840 6
7730 6
6869 6
5982 6
7522 6
3502 6
5166 6
8475 6
4281 6
6072 6
4333 6
6038 6
5994 6
5347 6
5986 6
7229 6
7356 6
5149 6
8550 6
4382 6
5009 6
3529 6
5106 6
7733 6
2331 6
7570 6
5991 6
6122 6
4896 6
4911 6
3923 6
5846 6
6180 6
7526 6
5630 6
7148 6
4498 6
4879 6
4692 6
2513 6
4345 6
3419 6
7221 6
6415 6
4636 6
3845 6
6052 6
6987 6
5025 6
7230 6
2969 6
6550 6
5305 6
5402 6
6543 6
6218 6
8669 6
8798 6
6323 6
6867 6
5441 6
4999 6
2745 6
3989 6
6843 6
6202 6
4406 6
6675 6
6883 6
4748 6
6847 6
8738 6
4434 6
6398 6
6017 6
6150 6
6123 6
3742 6
6119 6
6706 6
6584 6
5743 6
5468 6
7840 6
5042 6
4178 6
3173 6
7220 6
6134 6
5049 6
6846 6
6331 6
4487 6
7326 6
4981 6
5497 6
7761 6
6264 6
5272 6
5612 6
5725 6
4288 6
5934 6
7343 6
8778 6
7452 6
4784 6
2261 6
5672 6
3557 6
5779 6
5013 6
2326 6
6241 6
5590 6
6977 6
6464 6
5152 6
2298 6
8449 6
4140 6
4903 6
8431 6
7828 6
7349 6
8673 6
5943 6
6181 6
5689 6
5202 6
6031 6
5375 6
7106 6
7856 6
6397 6
5645 6
5768 6
5439 6
6820 6
8002 6
6188 6
4261 6
4279 6
5450 6
8116 6
4540 6
6734 6
7989 6
6670 6
4076 6
6085 6
8567 6
6680 6
2176 6
5727 6
5952 6
8496 6
6459 6
4407 6
4176 6
7014 6
3302 6
6826 6
8733 6
6769 6
2943 6
5682 6
3433 6
5696 6
7128 6
5162 6
5522 6
7560 6
6615 6
6816 6
4856 6
4120 6
6250 6
3841 6
6586 6
2697 6
5116 6
5011 6
7024 6
5356 6
4691 6
6069 6
4269 6
5276 6
5721 6
5836 6
6391 6
8751 6
5843 6
4779 6
6440 6
6008 6
3867 6
5528 6
6111 6
6598 6
6654 6
4651 6
3933 6
8255 6
6623 6
3382 6
5966 6
5888 6
5496 6
6097 6
6002 6
7900 6
4440 6
5514 6
4212 6
8646 6
6809 6
4917 6
7588 6
6151 6
8072 6
4707 6
6267 6
3736 6
7957 6
3957 6
5161 6
4730 6
5542 6
7536 6
4514 6
6409 6
4820 6
5559 6
6835 6
6270 6
4763 6
4381 6
4509 6
5654 6
3084 6
4227 6
6663 6
3818 6
6450 6
6324 6
5870 6
6271 6
4310 6
8306 6
6629 6
6149 6
3040 6
8286 6
6200 6
7925 6
8820 6
6222 6
5759 6
7868 6
8026 6
3479 6
8890 6
5230 6
7293 6
4705 6
7373 6
7057 6
5835 6
3851 6
6357 6
3862 6
6644 6
6049 6
3277 6
7609 6
2957 6
4562 6
6155 6
6062 6
3242 6
4921 6
6074 6
6118 6
7213 6
6839 6
8343 6
4969 6
7281 6
5131 6
7165 6
5240 6
4857 6
2304 6
4471 6
6242 6
3788 6
4993 6
7851 6
6653 6
6791 6
5668 6
6037 6
5473 6
4476 6
2783 6
6105 6
6657 6
8665 6
6553 6
4989 6
8208 6
6077 6
7176 6
6221 6
4578 6
7012 6
5195 6
3922 6
6478 6
5457 6
4154 6
7028 6
6808 6
5643 6
2951 6
8001 6
2478 6
5082 6
6162 6
6886 6
6321 6
5519 6
7414 6
4731 6
5600 6
5614 6
5613 6
4977 6
7390 6
7271 6
4878 6
7899 6
5802 6
2638 6
8173 6
8518 6
6351 6
4275 6
6012 6
5956 6
7103 6
8342 6
7596 6
4813 6
4945 6
5403 6
6404 6
4260 6
7119 6
6763 6
5915 6
4271 6
7222 7
6454 7
6570 7
1626 7
3493 7
7725 7
6896 7
4293 7
2439 7
5193 7
2835 7
5552 7
7279 7
5460 7
6004 7
3880 7
3795 7
5058 7
3225 7
5933 7
4497 7
6142 7
2955 7
3696 7
2202 7
2230 7
4091 7
3700 7
5189 7
2993 7
5857 7
5394 7
5589 7
1999 7
4978 7
3004 7
6941 7
5322 7
3694 7
6568 7
5313 7
4055 7
7659 7
6848 7
4816 7
6906 7
4593 7
6974 7
5037 7
5983 7
2691 7
7085 7
3719 7
4910 7
4478 7
3158 7
2647 7
3513 7
6870 7
2014 7
2760 7
4179 7
6973 7
7137 7
1933 7
2952 7
5608 7
4219 7
6263 7
4544 7
3313 7
5732 7
7321 7
4970 7
6532 7
5210 7
4455 7
5474 7
6133 7
6460 7
2042 7
5716 7
4089 7
4474 7
2060 7
3623 7
7117 7
4751 7
3512 7
4872 7
3996 7
4475 7
3246 7
6576 7
5962 7
6352 7
3407 7
6189 7
2596 7
3403 7
2498 7
5811 7
5573 7
6219 7
3078 7
3855 7
4301 7
5500 7
4370 7
3190 7
6333 7
4465 7
6981 7
3636 7
6531 7
7825 7
5358 7
4188 7
3927 7
4598 7
2772 7
6348 7
5170 7
1683 7
2921 7
5806 7
2270 7
3063 7
4373 7
2501 7
5676 7
5692 7
4005 7
5022 7
4529 7
7299 7
5733 7
5726 7
3954 7
6379 7
6148 7
1615 7
5954 7
3761 7
3546 7
4397 7
5958 7
7123 7
6093 7
3201 7
3815 7
7513 7
4615 7
6787 7
6402 7
2184 7
5366 7
6395 7
3622 7
5795 7
4044 7
3550 7
3536 7
3402 7
5669 7
4149 7
3221 7
6577 7
3080 7
3663 7
5469 7
3331 7
8096 7
5295 7
7721 7
5443 7
4817 7
5113 7
4192 7
4897 7
5667 7
3215 7
3202 7
6515 7
5928 7
5834 7
4736 7
6206 7
2352 7
3206 7
6806 7
4302 7
3809 7
4891 7
2343 7
4057 7
4184 7
6413 7
5395 7
2523 7
4145 7
5871 7
2743 7
2715 7
3984 7
2945 7
7164 7
3100 7
2748 7
2051 7
5959 7
3203 7
5229 7
5661 7
4592 7
6068 7
2446 7
4827 7
2490 7
3030 7
5410 7
6641 7
2844 7
7284 7
5099 7
5236 7
3959 7
2933 7
5751 7
5774 7
4899 7
1989 7
6840 7
6434 7
6630 7
4649 7
7145 7
5194 7
4374 7
3285 7
6467 7
3178 7
3680 7
5425 7
4930 7
3467 7
4284 7
4744 7
5530 7
5261 7
5510 7
4371 7
5242 7
7924 7
3913 7
6208 7
3273 7
7005 7
4875 7
5368 7
5791 7
4453 7
2427 7
5719 7
7431 7
6336 7
3628 7
6273 7
5677 7
5266 7
6637 7
4698 7
2735 7
6934 7
4088 7
1706 7
2220 7
4846 7
5084 7
6660 7
4584 7
4100 7
4390 7
2520 7
5580 7
5599 7
4643 7
6604 7
5031 7
2321 7
1569 7
7037 7
5856 7
3334 7
6539 7
7133 7
7557 7
6588 7
1939 7
5209 7
3374 7
6853 7
3744 7
4796 7
4873 7
3114 7
5969 7
5531 7
6812 7
6938 7
2990 7
4931 7
4702 7
7029 7
7142 7
7571 7
7636 7
4946 7
2857 7
6514 7
3881 7
5211 7
2636 7
4405 7
6199 7
4473 7
4804 7
5253 7
5282 7
5185 7
2734 7
3626 7
5103 7
4531 7
4682 7
2290 7
7126 7
6305 7
6489 7
3875 7
3930 7
5006 7
5801 7
4128 7
4556 7
3068 7
3424 7
5040 7
4629 7
5977 7
3834 7
6443 7
3594 7
3858 7
4153 7
3610 7
3067 7
4973 7
5176 7
4861 7
4011 7
4975 7
4679 7
2049 7
4483 7
4247 7
7623 7
3887 7
4331 7
2992 7
5088 7
3398 7
3774 7
6287 7
5616 7
2746 7
2741 7
5074 7
2974 7
4850 7
5373 7
3567 7
7985 7
3015 7
4902 7
7066 7
7155 7
6154 7
6283 7
2565 7
6492 7
5798 7
4656 7
5331 7
4000 7
3326 7
5501 7
7633 7
3614 7
2642 7
6788 7
2732 7
6057 7
2521 7
3384 7
4139 7
6999 7
2145 7
6251 7
4337 7
3662 7
4583 7
5598 7
5984 7
4927 7
4363 7
4754 7
4686 7
5620 7
3730 7
5902 7
5434 7
4228 7
3012 7
5320 7
4198 7
5083 7
4251 7
3219 7
5892 7
7842 7
6276 7
7033 7
4767 7
3091 7
6016 7
2876 7
4720 7
2310 7
1960 7
2551 7
5939 7
2369 7
4386 7
3409 7
5172 7
6137 7
5610 7
7059 7
4706 7
4824 7
4996 7
2339 7
5922 7
6334 7
3791 7
5763 7
4273 7
6316 7
5447 7
5532 7
7582 7
7690 7
4760 7
5108 7
5054 7
3318 7
5384 7
3702 7
3335 7
3432 7
5844 7
5483 7
6866 7
4026 7
4012 7
3615 7
5898 7
4501 7
3879 7
5575 7
7548 7
3577 7
5060 7
4648 7
3642 7
5304 7
6504 7
3832 7
7881 7
4922 7
4908 7
5524 7
8020 7
5660 7
4627 7
2710 7
3648 7
5746 7
6480 7
3544 7
3231 7
4428 7
5350 7
5905 7
5001 7
5412 7
5043 7
4750 7
4017 7
6792 7
3556 7
7547 7
4858 7
5220 7
5105 7
5262 7
5945 7
5182 7
5508 7
3558 7
7187 7
4160 7
7698 7
7830 7
6545 7
4075 7
6358 7
4881 7
5658 7
3945 7
2739 7
5644 7
3208 7
5241 7
6076 7
7104 7
5472 7
5728 7
6430 7
6384 7
5678 7
6006 7
6900 7
4974 7
7950 7
6901 7
5693 7
3439 7
2879 7
5904 7
6407 7
5369 7
2988 7
2592 7
6177 7
3339 7
5517 7
6585 7
6609 7
5560 7
5311 7
3484 7
3483 7
5399 7
6425 7
4401 7
3278 7
3481 7
1845 7
3607 7
3861 7
2880 7
7882 7
3641 7
4590 7
7543 7
2884 7
3199 7
7166 7
4378 7
3645 7
7246 7
4375 7
7007 7
4775 7
4521 7
4425 7
3343 7
2978 7
2843 7
3427 7
4624 7
4253 7
5453 7
4781 7
5752 7
4146 7
6612 7
3770 7
3134 7
4543 7
3435 7
3760 7
4256 7
5087 7
4452 7
4423 7
4657 7
5735 7
4348 7
3844 7
3582 7
4048 7
5780 7
3019 7
4486 7
6998 7
7592 7
6056 7
5072 7
5372 7
6019 7
2329 7
6121 7
5135 7
4658 7
3094 7
3944 7
5157 7
3522 7
5003 7
6567 7
8041 7
4488 7
6009 7
3408 7
6286 7
6640 7
4997 7
5833 7
6959 7
3264 7
5894 7
5923 7
5034 7
5291 7
3891 7
5631 7
5364 7
5065 7
7053 7
4454 7
6540 7
5563 7
7701 7
4523 7
3668 7
5416 7
4495 7
5491 7
4966 7
6591 7
3448 7
3517 7
3070 7
1951 7
8119 7
4325 7
2512 7
3563 7
1536 7
6055 7
5117 7
4137 7
7034 7
3532 7
5288 7
4278 7
4484 7
2962 7
3131 7
5718 7
6380 7
4519 7
2459 7
6098 7
3603 7
3020 7
3049 7
4546 7
7791 7
6794 7
4016 7
6920 7
2890 7
2828 7
5128 7
5390 7
4165 7
3712 7
5548 7
2584 7
1594 7
5535 7
5987 7
6191 7
5980 7
5859 7
4906 7
4415 7
7301 7
1947 7
7207 7
4449 7
7896 7
1699 7
6344 7
6453 7
3133 7
7756 7
5884 7
6158 7
1812 7
6414 7
7088 7
4778 7
5281 7
6354 7
5039 7
5523 7
4797 7
6128 7
5981 7
6757 7
7255 7
6268 7
7233 7
4403 7
3566 7
5723 7
4690 7
4935 7
4914 7
5392 7
3149 7
7494 7
4351 7
2874 7
7108 7
2517 7
3600 7
6510 7
6319 7
6048 7
4050 7
4111 7
6249 7
4262 7
3341 7
4152 7
3739 7
5466 7
4868 7
5405 7
3520 7
7352 7
3666 7
4462 7
3640 7
3767 7
5237 7
7799 7
748 7
3478 7
4573 7
5518 7
5539 7
5703 7
4034 7
4039 7
1492 7
2961 7
3327 7
7078 7
2950 7
3449 7
4232 7
6099 7
5293 7
5594 7
3764 7
4798 7
2817 7
4490 7
5093 7
4612 7
6233 7
5849 7
6894 7
5315 7
5255 7
1460 7
2903 7
5756 7
2996 8
1811 8
6871 8
4286 8
3400 8
5576 8
4724 8
3348 8
3391 8
3125 8
4830 8
2447 8
5985 8
3848 8
4399 8
4847 8
3060 8
3932 8
3463 8
6311 8
5086 8
2260 8
2659 8
2619 8
4695 8
4785 8
3836 8
1926 8
3456 8
3649 8
6628 8
2832 8
4961 8
3258 8
2457 8
4553 8
5254 8
2820 8
6499 8
4551 8
5019 8
3021 8
2428 8
5426 8
6179 8
5889 8
3168 8
4689 8
3145 8
2808 8
5059 8
4661 8
4622 8
4547 8
1804 8
3082 8
5386 8
3716 8
4913 8
3747 8
3921 8
5664 8
3127 8
5307 8
5289 8
5247 8
3732 8
3965 8
1816 8
4700 8
7244 8
6756 8
3263 8
4777 8
2616 8
5333 8
3775 8
6256 8
2390 8
3629 8
2481 8
4220 8
3492 8
4633 8
4099 8
4855 8
3538 8
3901 8
4920 8
4714 8
1598 8
4980 8
4117 8
7312 8
2785 8
2413 8
2792 8
5097 8
3466 8
4189 8
3325 8
3552 8
2562 8
5444 8
3457 8
5762 8
3931 8
3237 8
5738 8
4420 8
2572 8
1971 8
4789 8
1957 8
5016 8
6000 8
4162 8
4266 8
1828 8
2953 8
7341 8
4347 8
4517 8
3181 8
5909 8
1716 8
3430 8
3477 8
4479 8
2896 8
6749 8
5896 8
3541 8
5096 8
3654 8
5227 8
3043 8
3752 8
2629 8
2317 8
3410 8
1998 8
3401 8
2172 8
4077 8
5271 8
1729 8
6714 8
7177 8
4533 8
4163 8
2373 8
2577 8
5957 8
4665 8
4527 8
3781 8
2068 8
3357 8
2883 8
5570 8
4342 8
4283 8
4132 8
1952 8
6116 8
6209 8
4711 8
5454 8
5027 8
2613 8
3701 8
4395 8
3165 8
3342 8
3569 8
1827 8
4985 8
4549 8
4392 8
3441 8
3906 8
4674 8
2821 8
4015 8
2533 8
4238 8
3941 8
2750 8
1424 8
3870 8
6136 8
4443 8
6266 8
4422 8
4829 8
3676 8
5283 8
5465 8
1522 8
4239 8
5303 8
4376 8
3344 8
3349 8
3678 8
5177 8
4007 8
5342 8
5351 8
7261 8
5376 8
5695 8
3572 8
5581 8
5294 8
5533 8
4074 8
4236 8
4733 8
3515 8
4768 8
2566 8
3460 8
3294 8
4102 8
2156 8
2249 8
5520 8
3319 8
5785 8
3238 8
4670 8
7231 8
4932 8
3740 8
5799 8
2445 8
5263 8
3381 8
5647 8
4317 8
3248 8
5445 8
4595 8
2612 8
3754 8
4063 8
2927 8
2699 8
4109 8
1743 8
6007 8
5388 8
5878 8
5228 8
3516 8
5603 8
4634 8
5505 8
5321 8
4069 8
4412 8
5045 8
5339 8
6275 8
5841 8
5935 8
2758 8
3113 8
5244 8
4131 8
4520 8
4224 8
5622 8
3222 8
3128 8
2795 8
3608 8
3252 8
3002 8
4915 8
5872 8
1876 8
5800 8
3183 8
5296 8
4366 8
6104 8
2342 8
3444 8
3434 8
4955 8
3017 8
4237 8
4508 8
5493 8
2313 8
5879 8
6574 8
4628 8
4350 8
2246 8
2787 8
4108 8
6613 8
3632 8
3602 8
2274 8
4618 8
4919 8
4746 8
3469 8
1623 8
5144 8
3088 8
5706 8
4105 8
4603 8
3980 8
5225 8
4400 8
6201 8
5146 8
2154 8
3320 8
5639 8
7259 8
2349 8
2747 8
5653 8
2452 8
5056 8
2804 8
5873 8
4901 8
4939 8
3195 8
2376 8
6603 8
2663 8
4173 8
4542 8
3270 8
3709 8
4205 8
2043 8
3950 8
5326 8
6424 8
7345 8
5053 8
5259 8
4800 8
4728 8
3135 8
5641 8
1709 8
6517 8
2356 8
5365 8
2669 8
2363 8
4472 8
3018 8
5886 8
5551 8
3116 8
4194 8
3260 8
1914 8
2119 8
3605 8
5363 8
4130 8
1669 8
1501 8
2601 8
3361 8
4774 8
1742 8
5584 8
4937 8
3914 8
4107 8
4280 8
4569 8
4379 8
6695 8
5648 8
4231 8
4725 8
1401 8
5975 8
4349 8
2608 8
1840 8
4843 8
5164 8
5606 8
5864 8
4285 8
4196 8
2332 8
3955 8
4579 8
2364 8
4059 8
3601 8
4833 8
1677 8
3397 8
4372 8
4432 8
6132 8
2906 8
2423 8
4361 8
3888 8
4197 8
3464 8
2484 8
5764 8
5440 8
4318 8
1642 8
5819 8
6552 8
3853 8
2438 8
4831 8
2634 8
4258 8
5640 8
5619 8
3451 8
3777 8
2531 8
7235 8
5688 8
5634 8
5961 8
4802 8
2575 8
890 8
3230 8
6096 8
4898 8
5044 8
1339 8
3291 8
3976 8
2934 8
2450 8
3470 8
6044 8
3703 8
4772 8
1803 8
3129 8
4953 8
7291 8
3247 8
5577 8
2823 8
3394 8
3961 8
1259 8
4208 8
3530 8
5215 8
4200 8
5657 8
3620 8
5174 8
2206 8
2770 8
4025 8
6661 8
5267 8
5330 8
2123 8
5488 8
4561 8
5543 8
4863 8
3728 8
6563 8
6770 8
3093 8
5845 8
6054 8
2147 8
2872 8
3846 8
4923 8
6529 8
3368 8
5101 8
4983 8
2032 8
6624 8
5213 8
3465 8
4794 8
4314 8
5374 8
1983 8
4002 8
3014 8
4380 8
4006 8
5393 8
4842 8
3802 8
5955 8
6011 8
3734 8
3613 8
3806 8
3265 8
6433 8
3006 8
4305 8
4336 8
5683 8
5463 8
6394 8
6721 8
5309 8
2098 8
3518 8
4296 8
4599 8
1046 8
4112 8
6777 8
3490 8
3282 8
1735 8
4741 8
4994 8
4052 8
5066 8
3156 8
4308 8
4738 8
1671 8
4589 8
6875 8
6410 8
3136 8
3822 8
5755 8
6750 8
3505 8
2956 8
5605 8
2288 8
3076 8
4753 8
3893 8
3023 8
6452 8
4871 8
6248 8
3458 8
2541 8
3910 8
4092 8
6616 8
2179 8
4639 8
6463 8
4070 8
5797 8
4209 8
4790 8
4106 8
4570 8
2583 8
4564 8
4206 8
2050 8
2806 8
5949 8
3528 8
3714 8
2796 8
4888 8
6120 8
2970 8
4848 8
6523 8
3110 8
4442 8
5057 8
4181 8
3970 8
5730 8
3635 8
2610 8
2502 8
5973 8
5155 8
5747 8
6277 8
3296 8
4180 8
6240 8
5329 8
3157 8
4560 8
6130 8
3825 8
1667 8
2845 8
4716 8
3274 8
2839 8
3589 8
4745 8
3799 8
5538 8
6594 8
4104 8
3353 8
4263 8
4155 8
3830 8
5233 8
3813 8
5852 8
6131 8
4320 8
4934 8
5671 8
3362 8
3908 8
3207 8
4030 8
4008 8
4675 8
3616 8
4825 8
3735 8
6205 8
4245 8
4327 8
3474 8
5089 8
3571 8
4988 8
4587 8
7219 8
5572 8
3646 8
7097 8
1447 8
3706 8
4719 8
3889 8
3256 8
1868 8
3827 8
4600 8
2855 8
5018 8
1866 8
2012 8
5000 8
2436 8
4151 8
6507 8
4991 8
4818 8
2648 8
2605 8
4439 9
4460 9
3297 9
4660 9
4572 9
3101 9
3289 9
3547 9
2986 9
3418 9
3047 9
3461 9
4715 9
5235 9
3596 9
3729 9
5344 9
4992 9
4299 9
4116 9
3720 9
2549 9
1539 9
5916 9
4093 9
1664 9
4213 9
4510 9
1412 9
4207 9
4793 9
6114 9
6599 9
2690 9
3866 9
2628 9
2812 9
3981 9
2930 9
1686 9
4807 9
5359 9
2080 9
5907 9
1510 9
5188 9
3311 9
3052 9
4762 9
2871 9
2554 9
3837 9
3475 9
1708 9
2825 9
4248 9
5467 9
4080 9
4215 9
5168 9
2762 9
6091 9
5848 9
3581 9
2623 9
6178 9
4358 9
2765 9
2002 9
1543 9
2656 9
1711 9
2918 9
1308 9
5638 9
3509 9
3644 9
3789 9
3724 9
2639 9
4287 9
5792 9
3849 9
2434 9
3592 9
2873 9
1223 9
6537 9
5111 9
1747 9
4270 9
4616 9
2283 9
1903 9
4610 9
3346 9
3860 9
4577 9
3964 9
2652 9
2509 9
1839 9
4683 9
6488 9
3873 9
2534 9
3738 9
1282 9
3526 9
3553 9
2777 9
5173 9
3143 9
2294 9
2900 9
3152 9
2037 9
1675 9
6493 9
1327 9
2499 9
5566 9
2919 9
3748 9
5325 9
4525 9
5036 9
5269 9
3290 9
4202 9
2742 9
2500 9
2958 9
1209 9
2679 9
2999 9
5691 9
3069 9
3176 9
5377 9
4734 9
3598 9
4049 9
2538 9
4254 9
4764 9
4836 9
4743 9
3142 9
2776 9
3373 9
4265 9
3656 9
3691 9
2640 9
6419 9
3224 9
6338 9
1055 9
3565 9
3772 9
5076 9
1457 9
4928 9
4799 9
2385 9
3174 9
3657 9
3429 9
3575 9
1620 9
4339 9
5387 9
2643 9
4708 9
4776 9
1835 9
3884 9
5062 9
4795 9
1035 9
4638 9
2829 9
5601 9
2749 9
1890 9
3997 9
4703 9
3934 9
5328 9
4175 9
2847 9
3476 9
3659 9
5681 9
3062 9
5558 9
3494 9
3606 9
1931 9
1897 9
3414 9
5885 9
1744 9
4788 9
4340 9
4780 9
3535 9
3780 9
2714 9
4429 9
5937 9
1644 9
3618 9
5675 9
4081 9
5715 9
5786 9
3828 9
2526 9
4494 9
4811 9
4792 9
4233 9
2492 9
4496 9
3029 9
5597 9
3077 9
1491 9
5156 9
2898 9
3065 9
3257 9
3096 9
2717 9
4666 9
3793 9
1666 9
3988 9
3946 9
6309 9
4097 9
1251 9
2328 9
1751 9
3762 9
4659 9
5015 9
3574 9
1855 9
1618 9
4071 9
3707 9
5216 9
3689 9
5278 9
3472 9
6526 9
1156 9
1622 9
3299 9
5556 9
4458 9
2960 9
1695 9
2626 9
4585 9
3966 9
5129 9
2461 9
3254 9
2797 9
2038 9
5808 9
4268 9
3275 9
4193 9
4571 9
2767 9
4243 9
4090 9
4142 9
1850 9
3186 9
3240 9
6569 9
2146 9
3453 9
3081 9
2480 9
4672 9
2582 9
2917 9
5489 9
3787 9
1630 9
3498 9
6300 9
5574 9
5749 9
2985 9
3960 9
4249 9
4815 9
2188 9
4294 9
2056 9
2005 9
3570 9
5280 9
3621 9
3198 9
4812 9
2528 9
3182 9
3253 9
5249 9
3137 9
3983 9
2849 9
5112 9
2268 9
3239 9
1508 9
4195 9
5134 9
5114 9
3673 9
2444 9
1898 9
4954 9
1768 9
1905 9
5345 9
4468 9
4257 9
3756 9
1925 9
2207 9
2781 9
4645 9
3249 9
3372 9
4687 9
3495 9
4085 9
2028 9
3897 9
5891 9
2803 9
4621 9
3204 9
4029 9
2102 9
2383 9
5963 9
2907 9
2968 9
3926 9
2875 9
3842 9
3032 9
4652 9
4822 9
3245 9
4289 9
4062 9
4022 9
3087 9
5537 9
3366 9
2275 9
4150 9
2463 9
2503 9
6408 9
4481 9
4073 9
5159 9
2865 9
2262 9
3037 9
5299 9
4835 9
6184 9
5851 9
2059 9
1375 9
3968 9
2695 9
1627 9
3625 9
1588 9
4726 9
3917 9
3482 9
2676 9
4892 9
3807 9
3314 9
4292 9
4786 9
5782 9
5290 9
3151 9
4141 9
3471 9
1228 9
6186 9
3035 9
3459 9
4697 9
2897 9
4938 9
2036 9
3405 9
2771 9
3436 9
3026 9
5499 9
6511 9
3521 9
3064 9
4663 9
4101 9
2027 9
5028 9
2609 9
1300 9
2698 9
4413 9
2282 9
5200 9
1502 9
2064 9
4491 9
4845 9
4369 9
3863 9
3894 9
3468 9
3699 9
1910 9
4383 9
3420 9
2416 9
4500 9
4942 9
6254 9
2242 9
3162 9
2491 9
3661 9
4024 9
4004 9
4887 9
4654 9
3261 9
5073 9
4125 9
4466 9
2088 9
4461 9
2588 9
6117 9
1985 9
3805 9
2421 9
4467 9
5420 9
2877 9
3990 9
3560 9
2189 9
4203 9
2516 9
4860 9
4557 9
3501 9
4819 9
2048 9
2142 9
1920 9
2432 9
3499 9
5070 9
5020 9
3000 9
4832 9
4717 9
2494 9
3431 9
5662 9
3276 9
4377 9
2163 9
4095 9
4580 9
3061 9
1573 9
3371 9
5046 9
6165 9
3647 9
4518 9
1993 9
3209 9
1431 9
5710 9
3782 9
2644 9
5827 9
2347 9
3422 9
3442 9
2420 9
2121 9
5118 9
3918 9
3559 9
5150 9
5882 9
5637 9
2641 9
5948 9
3627 9
1417 9
3310 9
2256 9
4532 9
6152 9
2800 9
1673 9
5252 9
3911 9
4926 9
5912 9
3443 9
2888 9
3523 9
3034 9
4809 9
3330 9
3568 9
2937 9
5562 9
4862 9
3871 9
5251 9
5436 9
4758 9
2464 9
2486 9
4893 9
3971 9
2916 9
5316 9
5160 9
4482 9
3121 9
6376 9
4904 9
2394 9
2878 9
4032 9
4126 9
5997 9
4058 9
5421 9
2627 9
2637 9
3882 9
2424 9
3852 9
2902 10
5865 10
2041 10
2980 10
2597 10
2296 10
1755 10
3768 10
3711 10
2166 10
2236 10
3066 10
5714 10
2143 10
2216 10
1707 10
2277 10
2477 10
3218 10
2649 10
5245 10
5861 10
3992 10
1958 10
4740 10
3585 10
2251 10
3785 10
1551 10
2448 10
3624 10
5609 10
4565 10
2713 10
4319 10
1283 10
1245 10
2559 10
1484 10
4218 10
2211 10
3376 10
1153 10
2130 10
3255 10
3440 10
4808 10
4625 10
1349 10
3363 10
3360 10
1712 10
3543 10
3161 10
2205 10
3328 10
1528 10
1826 10
1186 10
5246 10
2398 10
2257 10
2736 10
783 10
3016 10
3396 10
1663 10
3576 10
5736 10
2607 10
1475 10
2701 10
2305 10
4138 10
2949 10
3798 10
5154 10
2967 10
3051 10
2004 10
2966 10
2074 10
2209 10
2532 10
2696 10
2751 10
3164 10
2769 10
3824 10
3003 10
3099 10
1780 10
1446 10
4136 10
3166 10
2303 10
1200 10
4548 10
1722 10
3089 10
3271 10
2688 10
3820 10
4582 10
2469 10
4821 10
3355 10
1538 10
3890 10
1657 10
3776 10
2683 10
1387 10
1381 10
1098 10
1524 10
1943 10
4036 10
4699 10
3958 10
3205 10
4003 10
4201 10
2614 10
3415 10
2495 10
3378 10
3660 10
4040 10
4664 10
3036 10
5068 10
2087 10
2729 10
1096 10
2386 10
2089 10
3269 10
1955 10
2852 10
3086 10
2997 10
1871 10
3537 10
2774 10
3097 10
3900 10
2034 10
5226 10
3399 10
1373 10
2711 10
3024 10
3905 10
4225 10
3389 10
2067 10
3044 10
3352 10
1935 10
1208 10
3473 10
2193 10
2831 10
2841 10
1421 10
1754 10
4866 10
3510 10
1874 10
2024 10
3952 10
3506 10
2319 10
3534 10
2307 10
5690 10
4169 10
2998 10
3710 10
3994 10
1169 10
3591 10
1858 10
4087 10
2560 10
1571 10
3028 10
4122 10
4693 10
5109 10
3148 10
3904 10
2766 10
3073 10
1192 10
4418 10
3380 10
4391 10
3876 10
3184 10
3916 10
5788 10
4001 10
2929 10
4014 10
3013 10
2085 10
2987 10
4435 10
5655 10
3995 10
3122 10
3939 10
1319 10
3619 10
5652 10
4082 10
3938 10
2703 10
2504 10
3243 10
2234 10
2375 10
2653 10
3857 10
2412 10
3816 10
5148 10
4834 10
4313 10
3718 10
2685 10
2994 10
3637 10
3139 10
5810 10
2301 10
5178 10
5776 10
1879 10
2791 10
3406 10
3814 10
4632 10
2368 10
2124 10
1485 10
4876 10
2164 10
1759 10
3185 10
4620 10
1555 10
2662 10
2055 10
2515 10
1358 10
2414 10
1703 10
2449 10
1631 10
5260 10
4581 10
4199 10
4410 10
4223 10
2181 10
2191 10
1606 10
3758 10
3194 10
1986 10
2675 10
3388 10
5318 10
3413 10
2217 10
2869 10
1540 10
1233 10
2377 10
1864 10
4216 10
3925 10
2227 10
2726 10
5147 10
5565 10
3048 10
3305 10
3833 10
1638 10
2382 10
2590 10
1286 10
1884 10
2129 10
4211 10
1303 10
2083 10
3102 10
3672 10
3519 10
2786 10
5397 10
4803 10
2677 10
3540 10
5893 10
2247 10
2661 10
4344 10
3369 10
3411 10
5944 10
4171 10
2854 10
4297 10
1797 10
2720 10
3953 10
1781 10
4516 10
3220 10
2543 10
3869 10
3810 10
3009 10
5617 10
4042 10
1595 10
1693 10
3555 10
5192 10
1717 10
3839 10
2707 10
2982 10
3337 10
5206 10
2407 10
3987 10
4147 10
2540 10
2493 10
2046 10
3055 10
4304 10
3312 10
2128 10
3778 10
2001 10
923 10
2111 10
3986 10
3542 10
3771 10
2564 10
2219 10
4640 10
2723 10
3949 10
2567 10
4718 10
5181 10
3593 10
1224 10
4608 10
2137 10
4441 10
3428 10
1386 10
1617 10
1658 10
5336 10
2542 10
2404 10
2066 10
2354 10
3332 10
4230 10
1981 10
2126 10
4783 10
4963 10
2816 10
5243 10
5292 10
2525 10
1533 10
3008 10
1700 10
4604 10
2983 10
3595 10
4694 10
4221 10
2764 10
3573 10
3929 10
2333 10
1875 10
4882 10
1731 10
2155 10
3652 10
3033 10
2300 10
1704 10
3338 10
3324 10
3821 10
3079 10
3631 10
3340 10
2507 10
3163 10
2279 10
2185 10
4769 10
2337 10
4766 10
2093 10
2400 10
3213 10
3244 10
4755 10
1647 10
2467 10
2761 10
3211 10
4079 10
2912 10
4958 10
1619 10
3140 10
2904 10
2266 10
2472 10
4512 10
1641 10
4606 10
2374 10
4226 10
1011 10
4359 10
3075 10
3731 10
2561 10
3527 10
1682 10
4041 10
5817 10
2689 10
4204 10
2437 10
3831 10
1959 10
1974 10
3171 10
1612 10
4121 10
4909 10
3967 10
1736 10
2076 11
4172 11
3147 11
2579 11
1726 11
875 11
2834 11
2306 11
2674 11
1911 11
2276 11
2671 11
2320 11
3705 11
1823 11
2925 11
3786 11
3187 11
2096 11
3763 11
4823 11
4770 11
730 11
3234 11
3773 11
3677 11
3426 11
2451 11
3548 11
2026 11
2657 11
4941 11
3118 11
2580 11
2558 11
3058 11
3697 11
2396 11
1172 11
1529 11
2000 11
2399 11
2136 11
1608 11
1292 11
2311 11
1814 11
1652 11
3421 11
3488 11
1930 11
2308 11
1585 11
5357 11
2397 11
2392 11
1545 11
4630 11
1813 11
1820 11
2161 11
2702 11
1330 11
1482 11
1142 11
3292 11
1322 11
1629 11
1328 11
4456 11
2117 11
4110 11
2160 11
1195 11
3280 11
2728 11
2225 11
2285 11
3698 11
1887 11
3912 11
1760 11
1527 11
3974 11
4940 11
1580 11
1654 11
3937 11
2768 11
1416 11
1765 11
3358 11
3972 11
2150 11
1632 11
4681 11
2173 11
2867 11
1932 11
3423 11
1423 11
1806 11
1919 11
5332 11
4170 11
2408 11
2819 11
2708 11
1422 11
1557 11
3801 11
2840 11
2940 11
2733 11
4164 11
2725 11
3936 11
2293 11
3539 11
2409 11
4539 11
3725 11
1927 11
721 11
1483 11
1188 11
1104 11
2810 11
3687 11
4210 11
2069 11
1718 11
2568 11
3416 11
4710 11
4276 11
1678 11
1467 11
1904 11
2476 11
1896 11
3395 11
2470 11
3779 11
3072 11
4066 11
5279 11
2113 11
2646 11
1121 11
3850 11
1405 11
3438 11
4123 11
3511 11
2981 11
1821 11
1553 11
2784 11
2837 11
3928 11
2431 11
2016 11
2589 11
2632 11
2913 11
4064 11
2120 11
798 11
2721 11
3500 11
2488 11
2894 11
3345 11
2210 11
2057 11
4067 11
3109 11
3354 11
3878 11
3665 11
4524 11
3193 11
2522 11
3759 11
3041 11
4623 11
3588 11
1296 11
1495 11
4264 11
3155 11
4552 11
5248 11
5239 11
891 11
2213 11
2322 11
1017 11
2487 11
1548 11
3590 11
2265 11
2393 11
3447 11
3885 11
3092 11
3236 11
757 11
3393 11
2975 11
3489 11
1888 11
2537 11
4387 11
4023 11
1414 11
2366 11
4477 11
1496 11
3288 11
1690 11
3796 11
4949 11
2862 11
2793 11
2019 11
1307 11
1878 11
2125 11
1396 11
2788 11
4214 11
971 11
1518 11
3829 11
2574 11
1662 11
2944 11
1882 11
1676 11
3071 11
1191 11
1995 11
2338 11
648 11
663 11
2062 11
2174 11
2286 11
2798 11
1313 11
3392 11
3579 11
5071 11
2395 11
2923 11
1836 11
4158 11
1044 11
2635 11
1596 11
3639 11
2910 11
1908 11
3658 11
1915 11
4438 11
2881 11
3251 11
4655 11
1738 11
1645 11
3126 11
2314 11
3226 11
1353 11
2895 11
2603 11
2020 11
1520 11
2082 11
1509 11
4457 11
3229 11
2258 11
3450 11
4389 11
1531 11
1902 11
2371 11
2336 11
1243 11
2131 11
2891 11
3167 11
1886 11
1561 11
2984 11
1640 11
2458 11
2473 11
2931 11
4838 11
4054 11
2860 11
3309 11
3835 11
4129 11
884 11
2232 11
1078 11
1601 11
1474 11
1348 11
3993 11
3817 11
3713 11
1185 11
1535 11
1242 11
3920 11
1581 11
1036 11
2581 11
1815 11
4537 11
2466 11
2340 11
2545 11
2719 11
3670 11
1725 11
2885 11
2801 11
1764 11
2932 11
1846 11
4272 11
1861 11
2887 11
2243 11
2058 11
2370 11
1788 11
2381 11
1009 11
3272 11
3935 11
3508 11
3146 11
3452 11
2289 11
4252 11
2110 11
2177 11
1833 11
1862 11
3769 11
2782 11
3749 11
826 11
2023 11
1656 11
1966 11
2357 11
1949 11
3175 11
3287 11
4637 11
3383 11
5163 11
1591 11
2650 11
3103 11
2081 11
3025 11
1523 11
3943 11
2631 11
3286 11
3675 11
2015 11
3098 11
4550 11
2030 12
2442 12
1146 12
2882 12
1167 12
1115 12
1912 12
2908 12
1734 12
3293 12
1769 12
3232 12
830 12
2573 12
3045 12
3189 12
1227 12
897 12
1799 12
2598 12
2162 12
806 12
4028 12
2479 12
1653 12
3279 12
1628 12
1444 12
2673 12
3611 12
2187 12
2148 12
2167 12
1766 12
3385 12
1604 12
2330 12
2578 12
1480 12
1515 12
2508 12
2133 12
2367 12
1605 12
2954 12
3056 12
1113 12
1546 12
3281 12
3191 12
1270 12
1578 12
3104 12
1633 12
2544 12
1575 12
2672 12
2570 12
2226 12
3956 12
2309 12
2799 12
3892 12
3298 12
2665 12
2358 12
1225 12
2091 12
3404 12
4282 12
3794 12
1869 12
1487 12
1116 12
1848 12
1753 12
2606 12
2378 12
2455 12
1511 12
1258 12
1793 12
2591 12
1972 12
2453 12
2935 12
1577 12
3630 12
2425 12
925 12
2775 12
3120 12
3375 12
1047 12
3655 12
3090 12
1215 12
4701 12
1824 12
3138 12
2186 12
4586 12
3227 12
1275 12
1532 12
1471 12
981 12
2779 12
1807 12
3123 12
555 12
1655 12
3306 12
2489 12
1737 12
3480 12
2730 12
3524 12
2959 12
3437 12
3664 12
1465 12
2822 12
1800 12
2017 12
1918 12
1493 12
2773 12
3412 12
2731 12
1368 12
1994 12
2418 12
1783 12
3304 12
2222 12
2430 12
1560 12
3583 12
3308 12
1004 12
1913 12
4047 12
2510 12
2327 12
2237 12
2250 12
2909 12
3212 12
3347 12
3386 12
2518 12
1970 12
1740 12
1048 12
2737 12
2859 12
2007 12
1975 12
2073 12
2115 12
1941 12
4324 12
2344 12
2108 12
2077 12
4018 12
4696 12
2071 12
1907 12
1973 12
2618 12
3390 12
2911 12
2422 12
2722 12
913 12
977 12
1427 12
2712 12
3685 12
3130 12
2977 12
904 12
1247 12
2666 12
1997 12
2324 12
1383 12
1214 12
3609 12
3533 12
2868 12
2593 12
1268 12
2138 12
2813 12
1592 12
1362 12
3717 12
3010 12
1437 12
2920 12
3715 12
1274 12
2122 12
2511 12
2054 12
2033 12
2127 12
2587 12
3322 12
4060 12
4094 12
2964 12
1443 12
2571 12
4416 12
2417 12
3027 12
1909 12
4322 12
1593 12
2201 12
1558 12
2362 12
1070 12
807 12
1154 12
3671 12
874 12
2144 12
3562 12
2103 12
997 12
1178 12
1721 12
4043 12
1777 12
2351 12
2684 12
3564 12
2118 12
2109 12
2681 12
2805 12
1810 12
1922 12
2008 12
1778 12
2006 12
2269 12
2755 12
3985 12
3336 12
2670 12
2645 12
1659 12
2284 12
1685 12
1942 12
2972 12
1691 12
795 12
2995 12
2790 12
2744 12
1917 12
1124 12
1714 12
2214 12
1739 12
1448 12
1472 12
1842 12
1870 12
3365 12
1749 12
3317 12
2022 12
2530 12
1792 12
1634 12
3150 12
3177 12
1773 12
3031 12
1586 12
1521 12
1029 12
4167 12
2292 12
2552 12
4644 12
3584 12
1635 12
1334 12
2617 12
1610 12
4493 12
1378 12
4183 12
1616 12
1407 12
1650 12
1503 12
2620 12
3797 12
1834 12
944 12
2178 12
2926 12
2045 12
2140 12
2075 12
1173 12
2114 12
2086 12
820 12
2942 12
2483 12
760 12
664 12
3074 12
3111 12
3599 12
1196 12
2594 12
1733 12
1336 12
1892 12
2965 12
1965 12
2846 12
3303 12
3124 12
2595 12
3727 12
1945 13
1962 13
1880 13
2514 13
2585 13
1775 13
1257 13
2991 13
1849 13
3059 13
2506 13
2280 13
2443 13
931 13
2827 13
2905 13
813 13
1977 13
1390 13
1831 13
1830 13
1944 13
3039 13
3507 13
1582 13
2287 13
2718 13
773 13
3503 13
3491 13
1674 13
2651 13
2680 13
1847 13
2682 13
2700 13
2141 13
3038 13
1500 13
1643 13
2740 13
1867 13
965 13
788 13
1135 13
2555 13
3708 13
1506 13
2405 13
2667 13
1418 13
1194 13
2482 13
1317 13
3792 13
706 13
497 13
1466 13
1940 13
1891 13
3266 13
3315 13
1298 13
2557 13
1701 13
741 13
1488 13
1552 13
1260 13
2052 13
2105 13
2861 13
2165 13
1438 13
2621 13
1112 13
2065 13
3179 13
1155 13
1929 13
2622 13
1067 13
2335 13
2192 13
1132 13
2198 13
2440 13
1801 13
1107 13
1796 13
3301 13
1514 13
2380 13
3907 13
2893 13
2426 13
1212 13
2485 13
3250 13
3159 13
1183 13
2599 13
2979 13
2078 13
1345 13
2200 13
2003 13
1382 13
2203 13
2687 13
4035 13
1126 13
984 13
1320 13
1873 13
2727 13
2018 13
1568 13
3054 13
3690 13
1426 13
2624 13
2850 13
3784 13
2009 13
2402 13
2802 13
988 13
2602 13
1776 13
3549 13
1453 13
2315 13
4056 13
1992 13
1393 13
950 13
2941 13
2221 13
1901 13
1342 13
1938 13
1410 13
1530 13
2264 13
3746 13
3531 13
1117 13
889 13
2151 13
3597 13
1391 13
1197 13
1946 13
3485 13
2183 13
3188 13
2135 13
2199 13
2092 13
2361 13
2814 13
2248 13
2706 13
1771 13
2153 13
1752 13
1554 13
1310 13
3197 13
1679 13
2406 13
1133 13
1103 13
2586 13
3001 13
2231 13
1996 13
849 13
3587 13
3235 13
2709 13
2936 13
1220 13
3800 13
1782 13
703 13
848 13
2693 13
1284 13
3170 13
1127 13
3356 13
2233 13
1181 13
2196 13
4277 13
1231 13
3998 13
1425 13
1705 13
980 13
701 13
1936 13
2252 13
1857 13
2171 13
3333 13
1122 13
2922 13
1148 13
1906 13
2323 13
1837 13
1544 13
1340 13
2070 13
1324 13
1456 13
3704 13
1790 13
2116 13
1715 13
1433 13
1419 13
1123 13
3283 13
1881 13
3551 13
2134 13
3214 13
3196 13
2112 13
1099 13
2454 13
2660 13
3050 13
1758 13
3005 13
1934 13
1570 13
1385 13
3684 13
1720 13
3119 13
2039 13
1968 14
1238 14
1355 14
2546 14
2851 14
2946 14
2350 14
2794 14
1341 14
2090 14
901 14
1953 14
1240 14
2556 14
2132 14
1486 14
1082 14
3446 14
2158 14
1587 14
1093 14
2789 14
2633 14
2175 14
1883 14
1440 14
975 14
1817 14
1851 14
1374 14
2753 14
2754 14
1076 14
1105 14
1590 14
2302 14
1710 14
1489 14
1991 14
3216 14
2915 14
2899 14
2152 14
2013 14
1505 14
991 14
1702 14
1689 14
1559 14
822 14
2044 14
1461 14
3693 14
2212 14
2686 14
1080 14
1087 14
1065 14
1337 14
968 14
1357 14
1331 14
1770 14
1291 14
2836 14
974 14
2678 14
1256 14
1323 14
2441 14
1236 14
1276 14
2963 14
1316 14
1900 14
2240 14
2021 14
1246 14
1982 14
877 14
3160 14
1213 14
1269 14
1967 14
2359 14
2107 14
1661 14
1161 14
1954 14
1757 14
2462 14
3667 14
902 14
1479 14
1459 14
2692 14
1280 14
1599 14
3679 14
2505 14
2550 14
2415 14
1409 14
1478 14
1680 14
885 14
3042 14
1441 14
3300 14
3153 14
3259 14
1182 14
1549 14
949 14
766 14
1583 14
1034 14
3604 14
613 14
2031 14
1365 14
1189 14
2195 14
1315 14
1366 14
2569 14
1724 14
2809 14
1066 14
986 14
2272 14
2194 14
1030 14
929 14
1458 14
1193 14
1468 14
2830 14
2355 14
2170 14
708 14
1162 14
1088 14
1802 14
1723 14
2838 14
1748 14
1893 14
1829 14
1265 14
1165 14
2924 14
1774 14
961 14
3268 14
3169 14
1567 14
2263 14
1293 14
1271 14
2029 14
2295 14
1449 14
2061 14
2389 14
1180 14
841 14
1916 14
2889 14
886 14
2204 14
3350 14
870 14
2824 14
2011 14
1278 14
2410 14
448 14
2401 14
2630 14
1083 14
1019 14
1350 15
2241 15
1106 15
2536 15
1359 15
1045 15
1872 15
1853 15
1470 15
2169 15
867 15
1031 15
809 15
1808 15
2576 15
1963 15
2901 15
1550 15
1613 15
1838 15
704 15
2611 15
946 15
1637 15
432 15
996 15
1384 15
1584 15
1556 15
1697 15
1607 15
1202 15
2433 15
1648 15
1261 15
2724 15
1572 15
557 15
2892 15
1179 15
910 15
1050 15
1252 15
2079 15
2705 15
1819 15
2818 15
2976 15
1956 15
3011 15
2539 15
1863 15
835 15
1187 15
2072 15
1239 15
2047 15
935 15
1798 15
1463 15
1745 15
1436 15
640 15
1102 15
3364 15
1490 15
1576 15
1325 15
2149 15
1795 15
2384 15
2197 15
2341 15
2527 15
2100 15
2235 15
1746 15
2223 15
2938 15
2182 15
912 15
1229 15
1646 15
2475 15
1937 15
969 15
1844 15
839 15
881 15
1624 15
1159 15
2157 15
1235 15
2519 15
1791 15
1498 15
1439 15
1032 15
2853 15
1119 15
1564 15
958 15
453 15
1928 15
2104 15
2815 15
2928 15
1964 15
638 15
1413 15
1732 15
1636 15
2259 15
834 15
1537 15
1072 15
1129 15
2474 15
1199 15
978 15
776 15
1137 15
1015 15
1287 15
1727 15
660 15
1832 15
919 15
1338 15
2318 15
3022 15
1321 15
1075 15
1542 15
1565 15
1614 15
1923 15
1273 15
2553 15
1885 15
2625 15
1924 15
1526 15
1756 15
1380 15
2391 15
2780 15
718 15
803 15
1021 15
1772 15
2040 15
865 15
2460 15
2947 15
2456 15
1987 15
1728 15
1033 15
1750 15
1462 15
1052 15
1312 15
2604 15
1517 15
861 15
1377 15
2239 15
800 15
1988 15
1042 15
1367 15
962 15
506 15
2524 15
1841 15
924 15
1681 16
1541 16
970 16
650 16
1921 16
888 16
872 16
1694 16
2807 16
1435 16
1343 16
1566 16
837 16
1005 16
580 16
1395 16
1053 16
1519 16
1430 16
499 16
688 16
771 16
2291 16
627 16
1136 16
779 16
1787 16
1049 16
989 16
1389 16
1961 16
895 16
692 16
2334 16
2325 16
915 16
1984 16
794 16
922 16
2299 16
2842 16
1730 16
2471 16
2229 16
1399 16
2035 16
1547 16
1068 16
2658 16
662 16
614 16
1176 16
2095 16
1077 16
1785 16
1687 16
1363 16
1563 16
778 16
987 16
2360 16
2866 16
351 16
2468 16
1318 16
1326 16
1404 16
1026 16
898 16
1061 16
1376 16
2099 16
710 16
2084 16
868 16
1761 16
1445 16
1352 16
2548 16
1314 16
2218 16
2168 16
1351 16
1779 16
1333 16
878 16
1138 16
1696 16
2387 16
906 16
953 16
2224 16
2254 16
1008 16
1534 16
2388 16
1379 16
838 16
554 16
1950 16
1158 16
2547 16
1415 16
717 16
2826 16
2159 16
713 16
1041 16
1476 16
1865 16
1018 16
1090 16
743 16
2267 16
1346 16
2244 16
982 16
1043 16
480 16
1177 16
1562 16
2273 16
1392 16
685 16
866 16
2245 16
1290 16
954 16
612 16
478 16
419 16
1603 16
880 16
642 16
2655 16
843 16
535 16
1477 16
673 16
2238 16
1504 16
1281 16
1241 16
1741 16
1481 16
896 16
1364 16
1692 16
1027 16
947 16
1288 16
1003 16
2053 16
674 16
1201 16
815 16
2348 16
1149 16
564 17
687 17
1600 17
1877 17
1147 17
1611 17
892 17
955 17
484 17
1140 17
1134 17
1403 17
1361 17
1354 17
1822 17
1309 17
1843 17
921 17
810 17
2278 17
2654 17
1411 17
1012 17
485 17
2316 17
1056 17
1151 17
2563 17
786 17
1332 17
1763 17
1141 17
1089 17
2281 17
2025 17
1157 17
433 17
1347 17
488 17
1976 17
1454 17
1253 17
2101 17
1371 17
1899 17
400 17
2106 17
930 17
1589 17
1388 17
979 17
1219 17
696 17
752 17
435 17
1469 17
1217 17
540 17
784 17
2255 17
983 17
749 17
719 17
1204 17
590 17
2253 17
1451 17
2228 17
1990 17
1160 17
513 17
1329 17
777 17
1639 17
799 17
1222 17
1097 17
1688 17
1894 17
1670 17
1370 17
588 17
2139 17
911 17
1143 17
2497 17
1372 17
2297 17
1211 17
1428 17
1432 17
1094 17
1719 17
1597 17
791 17
1130 17
1145 17
1434 17
1948 17
537 17
511 17
661 17
1205 17
482 17
804 17
2465 17
952 17
1455 17
1071 17
1408 17
940 17
762 17
833 17
1277 18
1767 18
637 18
607 18
999 18
1001 18
1494 18
1450 18
1304 18
1297 18
494 18
781 18
1805 18
1369 18
1299 18
578 18
679 18
601 18
1237 18
1852 18
2190 18
1402 18
805 18
1429 18
1452 18
1062 18
1621 18
363 18
428 18
656 18
821 18
942 18
1856 18
1854 18
882 18
2208 18
1057 18
567 18
899 18
907 18
754 18
831 18
622 18
957 18
1174 18
1254 18
654 18
1218 18
864 18
500 18
1895 18
1979 18
698 18
605 18
1969 18
2271 18
1789 18
740 18
594 18
1060 18
1063 18
1232 18
1579 18
951 18
439 18
1168 18
545 18
1651 18
595 18
1025 18
1230 18
1007 18
1497 18
700 18
739 18
345 18
1574 18
845 18
1264 18
542 18
599 18
1266 18
918 18
1397 18
1473 18
1609 18
763 18
816 18
859 18
1285 18
516 18
1166 18
857 18
761 18
1344 18
894 18
1150 18
641 18
782 18
531 18
1698 18
447 19
755 19
1289 19
938 19
994 19
551 19
1860 19
1464 19
1784 19
1091 19
412 19
827 19
633 19
747 19
1144 19
1100 19
668 19
734 19
926 19
1128 19
2097 19
1086 19
514 19
887 19
932 19
1095 19
852 19
1516 19
1272 19
659 19
686 19
1040 19
1263 19
860 19
503 19
850 19
524 19
671 19
1668 19
790 19
995 19
871 19
811 19
735 19
570 19
801 19
1084 19
1085 19
332 19
1301 19
873 19
1210 19
684 19
689 19
1255 19
817 19
610 19
853 19
796 19
1360 19
900 19
1818 19
1016 19
1306 19
459 19
1420 19
883 19
939 19
670 19
620 19
1139 19
863 19
498 19
314 19
636 19
998 19
745 19
905 19
1118 19
653 19
665 19
1073 19
1625 19
441 19
1022 19
493 19
1762 19
869 19
1713 19
966 20
1081 20
964 20
920 20
1305 20
492 20
611 20
1051 20
775 20
1294 20
928 20
842 20
1002 20
1170 20
1038 20
526 20
1059 20
973 20
604 20
945 20
711 20
1101 20
1400 20
1131 20
496 20
403 20
1074 20
507 20
657 20
759 20
383 20
746 20
1786 20
1406 20
522 20
847 20
676 20
1000 20
772 20
1111 20
1037 20
1507 20
406 20
1248 20
851 20
832 20
1164 20
466 20
893 20
1262 20
1110 20
967 20
368 20
1250 20
844 20
976 20
1114 20
936 20
992 20
481 20
1249 20
389 20
348 20
1221 20
960 20
1684 20
651 20
1216 20
1889 20
565 20
1234 20
1244 20
618 20
725 21
1109 21
1672 21
793 21
789 21
707 21
1512 21
736 21
490 21
626 21
528 21
408 21
705 21
733 21
1203 21
1398 21
1660 21
463 21
856 21
1311 21
829 21
582 21
1108 21
1302 21
1092 21
1513 21
635 21
972 21
680 21
941 21
603 21
846 21
591 21
1356 21
388 21
903 21
693 21
1295 21
1442 21
1184 21
1267 21
550 21
1058 21
306 21
1206 21
361 21
691 21
504 21
690 21
1602 21
672 21
424 21
724 21
750 21
409 21
694 21
584 21
737 21
985 21
683 21
1279 21
1163 21
395 21
1394 21
268 22
836 22
1014 22
520 22
1152 22
1499 22
1020 22
318 22
358 22
652 22
464 22
753 22
469 22
1125 22
629 22
1190 22
993 22
465 22
1335 22
879 22
819 22
669 22
444 22
858 22
418 22
742 22
362 22
443 22
644 22
502 22
508 22
495 22
802 22
426 22
290 22
697 22
814 22
593 22
628 22
1079 22
1120 22
534 22
518 22
908 22
1175 22
862 22
646 22
509 22
529 22
645 23
450 23
909 23
722 23
583 23
430 23
273 23
1171 23
417 23
658 23
643 23
731 23
350 23
384 23
785 23
476 23
606 23
532 23
589 23
569 23
639 23
573 23
536 23
349 23
854 23
541 23
1039 23
1023 23
342 23
449 23
675 23
462 23
744 23
1054 23
621 23
702 23
914 23
1069 23
715 23
758 23
824 23
1028 23
405 23
423 23
649 23
726 23
321 24
709 24
422 24
769 24
787 24
738 24
543 24
307 24
631 24
764 24
1006 24
1024 24
355 24
1013 24
948 24
916 24
917 24
572 24
547 24
695 24
1226 24
352 24
933 24
269 24
727 24
456 24
825 24
452 24
548 24
1010 24
336 24
756 24
414 24
1207 24
410 24
934 24
562 24
401 24
956 24
244 25
311 25
517 25
774 25
468 25
364 25
382 25
617 25
647 25
390 25
666 25
716 25
608 25
818 25
486 25
681 25
808 25
609 25
512 25
297 25
253 25
454 25
812 25
575 25
373 25
667 25
366 25
324 25
505 25
765 25
474 25
768 25
539 25
274 26
563 26
597 26
467 26
277 26
876 26
399 26
963 26
927 26
576 26
592 26
828 26
289 26
421 26
751 26
943 26
376 26
1064 26
823 26
712 26
767 26
797 26
990 26
682 26
780 26
247 26
729 26
251 26
393 26
288 26
959 26
602 26
420 26
556 26
714 26
236 26
461 26
596 26
254 26
678 26
525 27
338 27
538 27
937 27
413 27
549 27
732 27
427 27
471 27
396 27
385 27
291 27
282 27
483 27
343 27
510 27
377 27
770 27
407 27
677 27
479 27
285 27
460 27
487 27
630 27
515 27
624 27
375 27
317 27
634 27
519 27
319 27
359 28
457 28
655 28
360 28
431 28
446 28
294 28
579 28
616 28
561 28
262 28
560 28
600 28
365 28
489 28
402 28
632 28
440 28
329 28
552 28
855 28
720 28
840 28
240 28
293 28
723 28
323 28
295 28
699 28
438 28
586 29
340 29
303 29
320 29
434 29
472 29
380 29
437 29
341 29
302 29
250 29
445 29
475 29
354 29
619 29
344 29
339 29
374 29
559 29
530 29
566 29
308 29
587 29
533 29
553 29
568 29
296 30
347 30
231 30
222 30
300 30
477 30
623 30
337 30
267 30
301 30
546 30
451 30
327 30
585 30
371 30
792 30
228 30
577 30
367 30
581 30
208 31
334 31
226 31
558 31
209 31
398 31
473 31
436 31
523 31
233 31
275 31
312 31
369 31
574 31
598 31
202 31
200 31
415 31
206 31
266 31
242 31
237 32
322 32
625 32
544 32
271 32
246 32
728 32
283 32
316 32
235 32
346 32
299 32
326 32
501 33
234 33
239 33
260 33
255 33
521 33
192 33
425 33
491 33
304 33
356 33
315 34
372 34
182 34
241 34
379 34
248 34
249 34
211 35
276 35
615 35
270 35
230 35
207 35
394 35
455 35
229 35
264 35
381 35
227 36
571 36
216 36
212 36
391 36
232 36
217 36
213 36
392 36
190 36
281 36
179 37
224 37
287 37
210 37
458 37
199 37
328 37
165 37
263 37
416 37
527 37
313 38
331 38
198 38
258 38
194 38
404 38
178 38
221 38
298 39
175 39
386 39
470 39
225 39
397 39
256 40
161 40
335 40
429 40
214 40
325 40
245 40
333 41
195 41
181 41
265 41
166 41
261 41
177 41
238 41
357 41
442 42
176 42
197 42
186 42
196 42
279 42
191 42
378 42
243 42
330 42
411 42
184 43
219 43
131 43
204 43
188 43
164 43
162 43
141 43
309 44
174 44
223 44
183 44
286 44
170 44
167 45
151 45
370 45
353 45
156 45
292 45
257 46
387 46
169 46
187 46
201 47
220 47
113 47
172 47
203 47
305 47
152 47
157 47
173 48
118 48
259 48
160 48
252 49
125 50
171 50
205 50
159 51
218 51
147 51
284 51
154 52
189 52
310 52
168 52
163 52
137 53
117 53
106 53
185 53
143 53
116 53
158 54
215 55
278 56
133 56
280 56
114 57
119 57
123 57
272 57
98 58
144 58
128 58
103 59
102 59
139 59
132 60
180 60
155 60
72 61
109 61
96 61
111 62
105 63
193 63
127 63
85 64
97 64
77 64
115 65
134 66
145 67
126 67
148 68
138 68
107 68
108 69
94 70
83 71
153 71
136 71
90 71
124 72
112 72
82 73
87 73
150 73
101 73
84 74
140 74
70 75
146 75
130 76
149 76
92 77
95 77
60 77
121 77
78 78
61 78
88 79
68 79
129 80
64 80
135 81
104 81
67 81
122 81
79 82
86 82
58 82
89 83
142 83
57 84
74 85
71 85
75 86
91 86
63 88
80 88
55 88
100 89
62 89
81 89
73 89
50 90
40 91
110 95
65 97
99 98
51 98
120 98
59 99
49 99
66 103
93 104
54 104
48 107
56 109
52 111
44 112
34 114
38 115
69 123
46 123
37 124
41 126
76 129
45 129
53 129
32 129
30 131
35 132
36 134
43 136
42 136
47 138
26 138
33 142
28 146
23 146
27 150
19 150
39 152
29 152
21 154
31 157
14 167
13 170
24 171
22 182
15 208
20 211
25 235
11 279
10 299
18 325
17 332
16 347
9 371
12 392
8 405
7 535
5 572
6 597
3 742
4 850
2 1583
