10878 1
4571 1
10338 1
10454 1
6374 1
8934 1
9088 1
9500 1
6884 1
10482 1
5320 1
11139 1
10221 1
10986 1
9874 1
11500 1
9756 1
8627 1
9499 1
11089 1
8816 1
11095 1
9810 1
6277 1
4895 1
8276 1
8051 1
9370 1
2218 1
11194 1
8903 1
10745 1
11339 1
10643 1
5372 1
10614 1
7061 1
7802 1
7413 1
9103 1
6340 1
10402 1
9438 1
11467 1
10897 1
10074 1
9733 1
10472 1
7798 1
9788 1
7608 1
8310 1
11156 1
10309 1
3697 1
9460 1
10188 1
11239 1
10548 1
9109 1
11037 1
11269 1
8309 1
9994 1
11502 1
10893 1
5828 1
9135 1
6889 1
9913 1
10572 1
11350 1
11206 1
10379 1
9248 1
8933 1
11401 1
8907 1
8016 1
6007 1
6850 1
11054 1
9440 1
10340 1
7194 1
11229 1
7734 1
7852 1
8423 1
10577 1
7092 1
7500 1
11248 1
10783 1
6914 1
10582 1
6234 1
11207 1
7094 1
3667 1
11011 1
9845 1
9826 1
6188 1
6058 1
9653 1
10191 1
11417 1
11486 1
8977 1
8587 1
7790 1
9934 1
9924 1
9576 1
10571 1
8211 1
10031 1
10947 1
11422 1
11364 1
7688 1
11509 1
10023 1
11049 1
9337 1
10858 1
7950 1
10720 1
11433 1
11078 1
10799 1
11327 1
8479 1
9970 1
9215 1
9401 1
3249 1
10546 1
10104 1
11132 1
11411 1
4734 1
8912 1
9902 1
7147 1
9776 1
10019 1
7291 1
8342 1
6161 1
8853 1
6071 1
9300 1
10596 1
9014 1
7062 1
4674 1
10344 1
10979 1
11403 1
8569 1
11394 1
6070 1
9743 1
11076 1
2769 1
9511 1
9518 1
6208 1
6681 1
9282 1
7131 1
11185 1
10346 1
8617 1
10778 1
8785 1
11150 1
10645 1
8299 1
8521 1
9598 1
9730 1
8445 1
10555 1
7420 1
11478 1
9187 1
11419 1
10936 1
8109 1
10244 1
10054 1
6945 1
10529 1
11441 1
9077 1
9749 1
9448 1
3809 1
6843 1
9833 1
5027 1
9731 1
5743 1
11120 1
9504 1
9254 1
10671 1
8958 1
11062 1
10250 1
11256 1
6922 1
8491 1
6814 1
10247 1
10665 1
9691 1
10361 1
11302 1
10285 1
7603 1
10487 1
10864 1
10090 1
4771 1
8290 1
10949 1
2307 1
9766 1
10928 1
6614 1
10734 1
9887 1
7367 1
8130 1
9049 1
9954 1
9805 1
9131 1
9564 1
11342 1
9166 1
4025 1
9488 1
8906 1
10295 1
3872 1
9283 1
7664 1
7642 1
7494 1
7370 1
11173 1
10318 1
11018 1
10707 1
8995 1
9843 1
10352 1
10505 1
6854 1
10663 1
9565 1
10608 1
11387 1
10201 1
11023 1
11107 1
6385 1
11198 1
9940 1
11304 1
8380 1
5689 1
10213 1
5881 1
10751 1
11044 1
9939 1
11249 1
8204 1
9352 1
6907 1
8810 1
11228 1
8433 1
7921 1
6293 1
6196 1
6719 1
8485 1
11246 1
10304 1
11338 1
9950 1
11310 1
7592 1
9927 1
8981 1
9644 1
8718 1
5773 1
5926 1
9428 1
9200 1
9184 1
7965 1
6416 1
11138 1
9802 1
8787 1
8610 1
8355 1
6761 1
6291 1
7931 1
5345 1
11286 1
5732 1
8892 1
9297 1
7999 1
11507 1
7604 1
7550 1
10867 1
10058 1
9020 1
9685 1
8500 1
11082 1
11421 1
10831 1
10176 1
10541 1
10421 1
8878 1
6176 1
7398 1
4655 1
9772 1
10757 1
9582 1
11492 1
10637 1
10754 1
11508 1
8598 1
9290 1
9632 1
3259 1
9545 1
6851 1
9879 1
5797 1
10143 1
10851 1
10520 1
10944 1
8999 1
10966 1
7860 1
8908 1
11178 1
9423 1
4632 1
9412 1
8358 1
10959 1
9446 1
7468 1
4193 1
10136 1
5218 1
8215 1
10496 1
11388 1
11412 1
8201 1
5160 1
10982 1
9672 1
9785 1
5452 1
10981 1
8731 1
8745 1
8038 1
10289 1
5741 1
9056 1
8122 1
10267 1
7490 1
8022 1
8220 1
9844 1
11287 1
10386 1
9614 1
6267 1
4116 1
9368 1
11356 1
10836 1
7861 1
10383 1
10883 1
11216 1
9041 1
9783 1
10703 1
9592 1
6233 1
10273 1
10868 1
8227 1
7445 1
9719 1
4464 1
6921 1
11347 1
9305 1
10218 1
11383 1
11424 1
8282 1
10927 1
4087 1
11230 1
10969 1
11184 1
11205 1
10187 1
1335 1
9082 1
10807 1
7626 1
9459 1
8592 1
8927 1
10005 1
9863 1
9759 1
7546 1
8035 1
10299 1
10168 1
8021 1
7686 1
11272 1
11372 1
10539 1
10954 1
10748 1
8932 1
10333 1
8401 1
10708 1
9998 1
11294 1
9298 1
11260 1
6005 1
5405 1
10830 1
5180 1
9548 1
7638 1
10068 1
8337 1
6679 1
9742 1
11426 1
10695 1
10804 1
8235 1
11425 1
6828 1
8869 1
7793 1
10976 1
11147 1
5252 1
4100 1
8148 1
8469 1
11352 1
9123 1
10612 1
3306 1
11186 1
10985 1
11385 1
10633 1
9089 1
10323 1
7814 1
9957 1
6214 1
9688 1
11126 1
7865 1
5286 1
11189 1
6187 1
10212 1
10159 1
7449 1
10755 1
11430 1
1917 1
8270 1
10116 1
5819 1
10071 1
11483 1
9544 1
8837 1
8311 1
7900 1
6663 1
7648 1
9903 1
7740 1
10147 1
11510 1
9288 1
7437 1
10120 1
7028 1
8265 1
11014 1
10567 1
7804 1
10687 1
10688 1
8057 1
11261 1
10616 1
9179 1
10443 1
11091 1
11265 1
8613 1
11218 1
10370 1
10100 1
11431 1
9908 1
8295 1
11106 1
7886 1
7963 1
10798 1
7677 1
5878 1
9439 1
8555 1
10835 1
11324 1
11498 1
8151 1
2640 1
11459 1
8792 1
7294 1
8896 1
10744 1
11080 1
10658 1
10437 1
11367 1
10064 1
11070 1
10747 1
11263 1
10498 1
11069 1
10282 1
9251 1
11285 1
7234 1
10336 1
9681 1
9450 1
4568 1
9768 1
9991 1
8941 1
9666 1
7806 1
8573 1
6294 1
6307 1
11315 1
10355 1
6126 1
5225 1
9295 1
11242 1
5806 1
9486 1
10713 1
8666 1
10576 1
8000 1
10422 1
7169 1
10516 1
11476 1
11438 1
10056 1
10291 1
9871 1
9795 1
11284 1
5209 1
8031 1
10788 1
7428 1
9872 1
10719 1
6903 1
10047 1
9600 1
10795 1
9323 1
10629 1
8006 1
11314 1
10941 1
10964 1
11308 1
8832 1
11331 1
7977 1
1455 1
9852 1
10051 1
11224 1
7882 1
7988 1
6599 1
6866 1
9861 1
9751 1
11485 1
2755 1
9093 1
10542 1
8947 1
8665 1
5925 1
10084 1
8767 1
3025 1
8020 1
4460 1
7466 1
8041 1
10526 1
9854 1
5833 1
6872 1
9359 1
11196 1
11321 1
6199 1
10166 1
3811 1
10524 1
3699 1
11115 1
10664 1
7763 1
10752 1
10972 1
9330 1
11197 1
9864 1
9153 1
7277 1
3566 1
5709 1
7215 1
9963 1
11006 1
6924 1
8113 1
4942 1
8814 1
10474 1
8996 1
7964 1
5653 1
10721 1
8726 1
10779 1
6994 1
7329 1
8271 1
8611 1
9237 1
10568 1
10772 1
11291 1
11075 1
10619 1
11301 1
7640 1
8137 1
8394 1
10420 1
10727 1
6857 1
9774 1
7892 1
8776 1
10089 1
11472 1
10652 1
7751 1
9475 1
4644 1
6688 1
10702 1
4854 1
11371 1
8682 1
8446 1
10659 1
10471 1
4576 1
11428 1
9569 1
3753 1
8264 1
9312 1
10434 1
2008 1
7125 1
7588 1
9775 1
9673 1
11274 1
7017 1
4934 1
10032 1
10920 1
10866 1
9217 1
9111 1
11237 1
3877 1
11158 1
9505 1
11427 1
7120 1
10003 1
10001 1
10775 1
9105 1
11055 1
10845 1
11001 1
11450 1
11013 1
9167 1
2270 1
8039 1
7821 1
11487 1
8068 1
7974 1
11234 1
7321 1
7382 1
8712 1
10485 1
11303 1
10095 1
10960 1
8498 1
8848 1
10832 1
3445 1
6718 1
10158 1
9478 1
8207 1
7026 1
5460 1
9780 1
9234 1
10070 1
7831 1
8033 1
11380 1
7501 1
7283 1
10674 1
10673 1
8501 1
9302 1
10029 1
8811 1
11357 1
8424 1
6522 1
10762 1
8864 1
11114 1
5628 1
10452 1
11373 1
8159 1
5757 1
5538 1
9023 1
10331 1
9165 1
6802 1
8838 1
10066 1
11493 1
8557 1
8490 1
5257 1
7917 1
9836 1
10680 1
11133 1
8727 1
10785 1
10190 1
8511 1
4702 1
8049 1
10431 1
7812 1
7421 1
10700 1
9752 1
3534 1
11117 1
11193 1
10339 1
11166 1
10553 1
7923 1
10802 1
9035 1
11102 1
7404 1
6646 1
8347 1
11221 1
6766 1
10760 1
11176 1
10618 1
9694 1
10693 1
10838 1
5356 1
10877 1
9928 1
6265 1
9189 1
8777 1
7832 1
8152 1
7961 1
10863 1
2862 1
8546 1
6094 1
10780 1
7942 1
9287 1
7053 1
8098 1
11151 1
5365 1
7168 1
11312 1
8427 1
11243 1
9278 1
3228 1
7915 1
7096 1
10951 1
8549 1
11085 1
11391 1
7941 1
6559 1
9422 1
10924 1
5979 1
10834 1
11379 1
11165 1
9048 1
9791 1
9857 1
10347 1
3545 1
6942 1
11163 1
10382 1
9381 1
4593 1
2837 1
7914 1
9231 1
11066 1
9637 1
10793 1
10028 1
10908 1
11451 1
8481 1
9919 1
10758 1
10825 1
11322 1
7167 1
6389 1
3947 1
9938 1
7022 1
10957 1
8884 1
8012 1
6269 1
4856 1
10281 1
10334 1
10161 1
10227 1
11123 1
10847 1
9982 1
10668 1
9718 1
10689 1
10766 1
9699 1
6378 1
10112 1
6285 1
11004 1
11164 1
10884 1
11047 1
11098 1
10718 1
8318 1
6464 1
11020 1
11027 1
8696 1
10109 1
9418 1
4390 1
8224 1
10406 1
8186 1
9522 1
10591 1
9314 1
11235 1
11409 1
7349 1
11466 1
11320 1
10293 1
10262 1
8762 1
10759 1
10956 1
6354 1
11397 1
11203 1
7545 1
7090 1
11390 1
8688 1
10971 1
9873 1
5931 1
10025 1
11299 1
6283 1
8076 1
7178 1
8795 1
10301 1
10358 1
6640 1
10570 1
10477 1
9396 1
11326 1
7438 1
10828 1
6786 1
10587 1
9948 1
10768 1
5728 1
10993 1
9222 1
5131 1
9152 1
10252 1
8882 1
10530 1
9321 1
9661 1
7478 1
11211 1
10237 1
8273 1
10844 1
11204 1
10192 1
10428 1
8367 1
8722 1
5690 1
9870 1
11473 1
6608 1
9711 1
11180 1
2704 1
1953 1
10219 1
8165 1
9858 1
3148 1
3680 1
9670 1
5646 1
9301 1
8402 1
6624 1
11071 1
11094 1
7839 1
8735 1
10826 1
8899 1
10551 1
11048 1
9538 1
10907 1
8847 1
10594 1
9986 1
9394 1
7044 1
5449 1
10631 1
8115 1
11479 1
6141 1
7796 1
11161 1
10955 1
11423 1
10314 1
9026 1
10850 1
7543 1
11278 1
9856 1
10840 1
11042 1
8663 1
5454 1
11465 1
11297 1
6270 1
10925 1
11511 1
11195 1
11222 1
9008 1
11167 1
10476 1
9750 1
11296 1
9255 1
11183 1
8135 1
4012 1
9021 1
10300 1
5725 1
8895 1
10377 1
8441 1
9631 1
8780 1
7503 1
10865 1
7967 1
7615 1
7875 1
8354 1
11283 1
11059 1
9096 1
11456 1
8676 1
10806 1
10998 1
8432 1
10782 1
11444 1
9519 1
9385 1
10241 1
10887 1
10691 1
5502 1
10457 1
10057 1
11251 1
11447 1
9472 1
8075 1
7851 1
8936 1
4500 1
8788 1
6596 1
9956 1
9827 1
10490 1
7606 1
9429 1
10364 1
6369 1
11513 1
9293 1
7791 1
6957 1
7065 1
11279 1
10230 1
7202 1
10108 1
10554 1
6331 1
9978 1
6730 1
10550 1
11273 1
10770 1
10728 1
10380 1
6659 1
10604 1
11395 1
8793 1
10824 1
4551 1
11449 1
6310 1
11355 1
10896 1
11232 1
11022 1
8582 1
10848 1
9468 1
11408 1
7968 1
5335 1
3804 1
7509 1
8095 1
10393 1
9169 1
7725 1
9512 1
10786 1
7700 1
6386 1
4074 1
11210 1
11109 1
3964 1
10803 1
8657 1
4103 1
10503 1
11434 1
3303 1
9885 1
3978 1
11366 1
5066 1
10939 1
4203 1
7878 1
11319 1
5294 1
9608 1
10968 1
8251 1
11148 1
8324 1
11429 1
8321 1
5478 1
9881 1
8080 1
6865 1
10885 1
8857 1
11407 1
11457 1
8004 1
5618 1
11484 1
10816 1
5276 1
5641 1
10303 1
9899 1
11275 1
7918 1
11213 1
11442 1
8339 1
3185 1
10324 1
10459 1
11313 1
6906 1
6201 1
10846 1
8643 1
9182 1
8320 1
10114 1
9391 1
1586 1
11227 1
10583 1
8323 1
10948 1
9466 1
8150 1
11436 1
8581 1
9855 1
10483 1
10611 1
3746 1
9606 1
8383 1
6096 1
9087 1
10749 1
10519 1
7114 1
8921 1
9072 1
11334 1
11491 1
9999 1
10345 1
11201 1
5706 1
7768 1
7934 1
8578 1
10597 1
10812 1
11052 1
10185 1
7838 1
11236 1
7818 1
9361 1
10639 1
10560 1
9967 1
9444 1
9219 1
5137 1
10622 1
9841 1
8887 1
9830 1
10148 1
8638 1
2752 1
9933 1
10315 1
9485 1
11190 1
11127 1
11329 1
8880 1
7758 1
11065 1
11121 1
5843 1
8961 1
8553 1
10857 1
11281 1
9793 1
10366 1
9735 1
8266 1
11191 1
5735 1
4821 1
11179 1
11254 1
3451 1
10613 1
5550 1
11096 1
11482 1
9494 1
3357 1
5717 1
7151 1
11162 1
10034 1
10283 1
4639 1
9132 1
9921 1
7663 1
7019 1
11376 1
9597 1
10661 1
10270 1
9449 1
11145 1
8605 1
9713 1
9650 1
9860 1
10958 1
7761 1
8506 1
10590 1
10356 1
11101 1
10101 1
10362 1
11064 1
9816 1
11043 1
6700 1
9648 1
10223 1
2959 1
9891 1
9354 1
10351 1
10910 1
9981 1
4299 1
8972 1
10242 1
10962 1
9837 1
11505 1
6716 1
8802 1
10233 1
9480 1
9045 1
11341 1
10861 1
11079 1
10899 1
6831 1
11122 1
8332 1
10855 1
8593 1
9686 1
6072 1
8930 1
4190 1
9645 1
6475 1
8330 1
10515 1
4843 1
8851 1
9690 1
9213 1
9426 1
7841 1
9896 1
9306 1
10715 1
4778 1
8943 1
8528 1
5497 1
6965 1
11282 1
10470 1
9595 1
4356 1
6572 1
8945 1
10547 1
10872 1
10371 1
10586 1
10882 1
7236 1
11494 1
11002 1
10363 1
8495 1
11259 1
11038 1
11181 1
9820 1
11032 1
8083 1
10815 1
10385 1
7375 1
5974 1
11124 1
5936 1
8964 1
6353 1
11104 1
7960 1
10811 1
10654 1
10889 1
8854 1
7104 1
6750 1
11103 1
11111 1
10272 1
10445 1
9424 1
10973 1
10843 1
9853 1
5985 1
10922 1
6805 1
11212 1
10681 1
7165 1
9754 1
11348 1
10932 1
6829 1
11009 1
10480 1
10360 1
11377 1
11468 1
9997 1
9355 1
6065 1
6891 1
10412 1
10465 1
9341 1
9006 1
9469 1
8302 1
8191 1
5744 1
10545 1
10353 1
10796 1
6296 1
10776 1
10900 1
11188 1
10021 1
6966 1
10946 1
7515 1
8911 1
10644 1
6533 1
10134 1
11461 1
10236 1
10741 1
11187 1
4899 1
9142 1
4808 1
11305 1
10609 1
8368 1
8136 1
9710 1
8507 1
9421 1
10266 1
6532 1
5485 1
7987 1
8706 1
10860 1
11410 1
11333 1
7715 1
5191 1
9388 1
4661 1
5021 1
1974 1
7105 1
8659 1
6548 1
7213 1
6258 1
6622 1
11046 1
11375 1
4150 1
10182 1
11035 1
9964 1
3713 1
10769 1
9162 1
9285 1
11496 1
10961 1
9104 1
9034 1
10253 1
10764 1
9660 1
9463 1
9616 1
5237 1
10405 1
11208 1
7260 1
10097 1
5175 1
6745 1
9529 1
9882 1
6274 1
9900 1
11474 1
7031 1
9682 1
10592 1
5765 1
8293 1
9068 1
10418 1
11250 1
2516 1
5847 1
11414 1
11155 1
10174 1
9163 1
10919 1
9266 1
5089 1
3088 1
10672 1
8852 1
11200 1
9972 1
9977 1
10829 1
10870 1
9003 1
8819 1
8407 1
10332 1
9036 1
9530 1
9168 1
10348 1
10938 1
8091 1
5312 1
10934 1
11045 1
9360 1
9647 1
11344 1
9275 1
9357 1
7911 1
11226 1
10210 1
10425 1
3115 1
10841 1
10444 1
8599 1
6868 1
9233 1
11034 1
9126 1
10238 1
10853 1
4753 1
7981 1
11086 1
11118 1
8400 1
7723 1
7576 1
9415 1
10439 1
10723 1
10699 1
9271 1
10409 1
11332 1
8820 1
11160 1
9416 1
10666 1
10350 1
4196 1
7847 1
9612 1
11346 1
6114 1
11019 1
10746 1
9914 1
9155 1
7803 1
10880 1
5036 1
11003 1
8094 1
9787 1
9342 1
7870 1
5206 1
10024 1
10915 1
11240 1
9894 1
11116 1
9145 1
5617 1
8620 1
8938 1
9851 1
11455 1
3690 1
10891 1
4322 1
9619 1
11264 1
9745 1
10006 1
11495 1
10820 1
11135 1
9753 1
2924 1
11015 1
10888 1
10404 1
7025 1
10027 1
3411 1
3775 1
10905 1
11081 1
9086 1
8351 1
8540 1
8825 1
10595 1
9465 1
10984 1
9013 1
10263 1
10662 1
7943 1
11318 1
9443 1
7271 1
9930 1
7996 1
10401 1
10099 1
10774 1
9375 1
8980 1
5414 1
8371 1
6590 1
6951 1
1261 1
4113 1
10593 1
11110 1
4931 1
9693 1
10819 1
10854 1
11142 1
9566 1
9984 1
11105 1
10989 1
11202 1
11267 1
7486 1
11192 1
4765 1
9326 1
7589 1
11214 1
9270 1
5202 1
8078 1
9399 1
9062 1
10063 1
9923 1
10211 1
10742 1
11404 1
11146 1
8319 1
7473 1
11112 1
6943 1
9628 1
11026 1
11021 1
9917 1
7297 1
8230 1
8014 1
9032 1
11125 1
5992 1
8729 1
10724 1
11475 1
9817 1
8845 1
10906 1
10945 1
2351 1
10717 1
5840 1
10767 1
9760 1
11490 1
7182 1
7103 1
10875 1
7561 1
7757 1
11036 1
9652 1
9625 1
10414 1
10525 1
6918 1
6643 1
10995 1
10391 1
7828 1
11154 1
10641 1
10999 1
10200 1
10726 1
8054 1
9002 1
11149 1
11137 1
7485 1
11270 1
11247 1
10076 1
10873 1
10390 1
7995 1
8559 1
2149 1
9941 1
11384 1
8914 1
7595 1
9655 1
10135 1
7703 1
10447 1
5143 1
7680 1
10403 1
10890 1
9818 1
8868 1
8978 1
9825 1
11271 1
8496 1
4585 1
10433 1
8883 1
3756 1
7924 1
10080 1
9196 1
8830 1
8721 1
9125 1
10033 1
9717 1
11231 1
10685 1
10549 1
8181 1
9677 1
9474 1
9185 1
10061 1
11088 1
10852 1
10818 1
9011 1
6408 1
9066 1
8761 1
9074 1
10083 1
10603 1
7416 1
4620 1
11368 1
11245 1
10810 1
10722 1
9170 1
10714 1
11144 1
11177 1
8231 1
10128 1
10589 1
8412 1
10118 1
9633 1
10017 1
9929 1
11031 1
9535 1
11506 1
9365 1
11077 1
11337 1
7719 1
6518 1
11382 1
10429 1
10523 1
7873 1
10321 1
10710 1
9050 1
2569 1
9470 1
10833 1
11000 1
9890 1
4745 1
8839 1
8504 1
8487 1
7281 1
10096 1
8862 1
10771 1
10288 1
7299 1
6039 1
8942 1
6510 1
8683 1
11289 1
3439 1
6751 1
9695 1
11361 1
8508 1
5093 1
9709 1
8723 1
10624 1
8957 1
10902 1
9259 1
9822 1
4703 1
6412 1
9294 1
11244 1
7829 1
10773 1
7454 1
10983 1
11024 1
10781 1
9866 1
11129 1
6027 1
10413 1
7982 1
10004 1
10308 1
5624 1
11454 1
8132 1
7518 1
9127 1
5523 1
9146 1
9708 1
9453 1
10400 1
10565 1
6935 1
7970 1
11008 1
9784 1
11328 1
10368 1
10635 1
6940 1
5440 1
7032 1
10456 1
11381 1
5419 1
7794 1
10626 1
7620 1
6953 1
8628 1
11501 1
8252 1
10180 1
9432 1
11215 1
10991 1
11134 1
6433 1
10800 1
7230 1
10869 1
6916 1
10317 1
9814 1
11460 1
8110 1
11028 1
10235 1
5552 1
6613 1
11293 1
10163 1
11169 1
8209 1
6578 1
7390 1
8970 1
8497 1
9040 1
8475 1
10245 1
6741 1
6856 1
9683 1
10398 1
10901 1
9868 1
10036 1
2732 1
10585 1
10761 1
10990 1
8939 1
10123 1
9001 1
10121 1
7881 1
9498 1
11053 1
8334 1
11386 1
11068 1
9959 1
5281 1
5052 1
9862 1
10073 1
11440 1
10606 1
10649 1
11061 1
9909 1
7396 1
11292 1
9534 1
11175 1
4415 1
11365 1
6948 1
10881 1
10537 1
11413 1
11072 1
7743 1
10911 1
9033 1
7639 1
11396 1
8406 1
6011 1
11268 1
10151 1
10963 1
10904 1
5993 1
9536 1
11262 1
11503 1
9922 1
8093 1
5241 1
10193 1
8879 1
7609 1
10307 1
8436 1
9859 1
6055 1
10821 1
11288 1
10940 1
7951 1
11060 1
10055 1
11171 1
6509 1
10059 1
11369 1
5680 1
5995 1
6757 1
10149 1
7940 1
5107 1
8952 1
5854 1
10514 1
8448 1
7341 1
11458 1
10077 1
7693 1
3071 1
10343 1
9973 1
5666 1
8374 1
7746 1
10094 1
8259 1
10312 1
10002 1
9267 1
10917 1
9716 1
11349 1
7231 1
10072 1
8411 1
10337 1
10440 1
9311 1
10052 1
10231 1
7889 1
6252 1
11097 1
11354 1
8001 1
9622 1
8920 1
10396 1
10015 1
9758 1
5734 1
11471 1
9363 1
9747 1
6983 1
10518 1
10584 1
9012 1
8124 1
10921 1
8089 1
4537 1
7045 1
10822 1
7186 1
11307 1
7788 1
11362 1
7347 1
10814 1
8453 1
11040 1
11330 1
11108 1
9893 1
10839 1
9707 1
11007 1
10842 1
11280 1
10574 1
9073 1
11033 1
10791 1
9537 1
9918 1
4361 1
10849 1
10491 1
7628 1
10994 1
8286 1
10451 1
6313 1
6587 1
11093 1
10871 1
8157 1
9935 1
10975 1
10929 1
10732 1
11360 1
6586 1
7819 1
9567 1
11400 1
10199 1
8153 1
6788 1
5998 1
8162 1
6137 1
11005 1
8518 1
8922 1
11252 1
10886 1
8976 1
9839 1
6753 1
11399 1
11238 1
10394 1
9987 1
9038 1
9191 1
6937 1
10913 1
11336 1
10862 1
9944 1
8285 1
8155 1
9593 1
9946 1
10287 1
1402 1
1793 1
10048 1
11258 1
11316 1
6469 1
9555 1
6441 1
7143 1
10544 1
11335 1
8329 1
10239 1
7567 1
4743 1
8393 1
11119 1
8606 1
9387 1
10512 1
10106 1
9136 1
9659 1
5479 1
11392 1
8229 1
2629 1
8361 1
8335 1
11266 1
7058 1
10669 1
6448 1
6193 1
10805 1
11432 1
8986 1
10725 1
9176 1
4582 1
9174 1
8312 1
7469 1
10731 1
8890 1
10407 1
1056 1
9789 1
9594 1
9528 1
7161 1
10538 1
11345 1
8680 1
9173 1
11309 1
9579 1
9942 1
9654 1
10750 1
11050 1
7027 1
10711 1
7418 1
9907 1
10580 1
11452 1
8969 1
10316 1
11039 1
9015 1
11017 1
7813 1
11140 1
8513 1
10753 1
8185 1
11480 1
10914 1
10777 1
10655 1
11100 1
8748 1
10535 1
10103 1
9007 1
11405 1
7258 1
10014 1
9577 1
9558 1
10552 1
10894 1
9252 1
9117 1
11159 1
4783 1
7783 1
8455 1
11374 1
4030 1
10943 1
11325 1
2933 1
8946 1
10926 1
5135 1
9905 1
11363 1
11217 1
6826 1
10256 1
11276 1
9953 1
8143 1
8064 1
10069 1
9156 1
9812 1
5890 1
9811 1
9284 1
9590 1
11087 1
10171 1
8846 1
7117 1
11131 1
6115 1
10408 1
7552 1
9720 1
11512 1
9147 1
9615 1
10909 1
5220 1
11398 1
10189 1
9371 1
4338 1
6740 1
9084 1
11351 1
11488 1
9509 1
10965 1
8531 1
11257 1
11074 1
9835 1
10306 1
11010 1
10967 1
10892 1
9563 1
7023 1
5895 1
11233 1
11358 1
9823 1
11241 1
6944 1
10692 1
10918 1
11058 1
10141 1
11016 1
11219 1
4395 1
8642 1
10455 1
10903 1
10327 1
9405 1
5608 1
9097 1
9199 1
10453 1
5189 1
10280 1
7871 1
7553 1
7887 1
3269 1
9250 1
9291 1
10319 1
9004 1
7389 1
10837 1
8739 1
9635 1
9106 1
8178 1
9980 1
4904 1
11418 1
10992 1
8228 1
11143 1
7497 1
10980 1
9019 1
9207 1
11393 1
7197 1
11306 1
4640 1
9313 1
3199 1
11370 1
10952 1
3555 1
11073 1
11067 1
7685 1
9604 1
6714 1
7890 1
10226 1
10415 1
11199 1
8829 1
11141 1
9356 1
11220 1
7994 1
10010 1
10169 1
10937 1
9364 1
7259 1
11083 1
7866 1
9304 1
7735 1
11092 1
5595 1
10050 1
8796 1
9668 1
10484 1
11174 1
2346 1
11012 1
10790 1
8194 1
8023 1
7765 1
8967 1
8249 1
8541 1
11157 1
11462 1
11057 1
10563 1
11041 1
2944 1
11445 1
10060 1
3041 1
10988 1
6410 1
8403 1
7979 1
9626 1
7846 1
10140 1
9374 1
8128 1
4906 1
10974 1
10183 1
5724 1
10923 1
4590 1
11359 1
10130 1
9846 1
9975 1
10305 1
10942 1
9781 1
7733 1
10260 1
4894 1
10859 1
10996 1
9767 1
10797 1
10142 1
8622 1
9158 1
6486 1
7862 1
9715 1
10102 1
10765 1
9482 1
10808 1
4554 1
8791 1
11225 1
9848 1
11477 1
9325 1
10987 1
11090 1
9831 1
10898 1
11277 1
9190 1
11448 1
9525 1
4927 1
7266 1
10013 1
10127 1
9951 1
4648 1
11300 1
10827 1
9764 1
10874 1
8918 1
8827 1
11353 1
9461 1
11128 1
7410 1
5564 1
11030 1
9515 1
8179 1
11323 1
8769 1
10124 1
9464 1
11470 1
11298 1
10475 1
9151 1
6212 1
10607 1
9649 1
9550 1
11389 1
11402 1
3928 1
9210 1
9629 1
11290 1
7786 1
8079 1
9996 1
6722 1
5482 1
7704 1
10111 1
9053 1
11435 1
11415 1
9985 1
9571 1
9378 1
11172 1
8114 1
11182 1
11223 1
10813 1
10712 1
9979 1
4078 1
10817 1
8905 1
7517 1
6001 1
9842 1
5837 1
10930 1
8725 1
9409 1
8692 1
11136 1
10378 1
10290 1
7998 1
3748 1
8369 1
11504 1
6544 1
7426 1
7891 1
11420 1
9010 1
7506 1
9737 1
11463 1
9898 1
2890 1
9497 1
7777 1
10970 1
6004 1
10794 1
6368 1
9821 1
11378 1
11453 1
8975 1
6709 1
9884 1
6047 1
8363 1
6182 1
10464 1
8935 1
10271 1
7801 1
11497 1
10513 1
4902 1
8917 1
11311 1
6971 1
10489 1
8774 1
9876 1
8187 1
10756 1
8378 1
9992 1
8118 1
10789 1
6581 1
8096 1
9897 1
11084 1
8203 1
10558 1
8240 1
9257 1
5842 1
10935 1
10488 1
6035 1
9790 1
5380 1
8218 1
10008 1
10373 1
11113 1
10259 1
10650 1
6964 1
6225 1
10931 1
10895 1
10007 1
9336 1
7665 1
7776 1
5022 1
4015 1
8953 1
8476 1
6931 1
8971 1
5780 1
10787 1
8686 1
8817 1
10196 1
10737 1
11051 1
11416 1
10411 1
7524 1
9955 1
11130 1
7170 1
8751 1
10657 1
10823 1
6862 1
11343 1
6323 1
8664 1
7849 1
10879 1
10763 1
6908 1
10684 1
11063 1
4424 1
10743 1
9054 1
8126 1
5554 1
10181 1
8489 1
10556 1
11056 1
11170 1
10627 1
11406 1
8871 1
8460 1
11499 1
9769 1
11317 1
7856 1
10419 1
11025 1
11437 1
11253 1
6080 1
2796 1
11481 1
10341 1
10105 1
5997 1
10335 1
5473 1
6395 1
11152 1
10217 1
7080 1
7902 1
10701 1
10517 1
6604 1
10240 1
5906 1
9419 1
10620 1
10251 1
6846 1
10912 1
9869 1
10599 1
9058 1
7002 1
9027 1
9920 1
10354 1
9983 1
10739 1
5466 1
5887 1
9345 1
8435 1
10146 1
9725 1
10442 1
8850 1
8948 1
10150 1
8414 1
9995 1
9800 1
5201 1
4239 1
10997 1
7239 1
10000 1
11489 1
10062 1
9115 1
6257 1
10953 1
7874 1
11029 1
9958 1
9434 1
11255 1
6973 1
11168 1
11295 1
5901 1
10876 1
8685 1
8583 1
7679 1
3671 1
9042 1
10564 1
10784 1
8645 1
10856 1
7195 1
11340 1
10801 1
10977 1
3653 1
7287 1
10933 1
8671 1
10809 1
6229 1
8993 1
6355 1
10950 1
11099 1
6743 1
11446 1
7959 1
10916 1
4604 1
3596 1
4859 1
11464 1
10329 1
7492 1
10792 1
8988 1
11443 1
10978 1
11439 1
10458 1
3736 1
8195 1
11209 1
7762 1
6556 1
10651 1
5678 1
11153 1
4172 1
11469 1
9575 2
6760 2
7010 2
9642 2
8743 2
9533 2
2232 2
2136 2
7903 2
1870 2
3722 2
5941 2
8538 2
9118 2
6131 2
9052 2
6422 2
10365 2
7593 2
5987 2
7233 2
5309 2
7387 2
10131 2
10423 2
9557 2
4434 2
6612 2
4772 2
5324 2
4445 2
4355 2
3922 2
9150 2
6988 2
8544 2
7388 2
3606 2
3733 2
6763 2
7140 2
3540 2
5720 2
5331 2
7938 2
10265 2
8061 2
5639 2
9952 2
2904 2
8484 2
6106 2
10683 2
9728 2
8280 2
6014 2
6576 2
10179 2
2997 2
2448 2
5788 2
7011 2
8253 2
2670 2
8459 2
7816 2
6372 2
5283 2
7732 2
6109 2
9910 2
2062 2
5130 2
8344 2
7658 2
5291 2
4953 2
4401 2
6438 2
8571 2
9411 2
7348 2
6929 2
7629 2
4089 2
6747 2
7800 2
6189 2
9442 2
6875 2
10202 2
6736 2
7343 2
8965 2
4577 2
7219 2
6977 2
10284 2
6955 2
9875 2
5615 2
5700 2
7225 2
10016 2
7955 2
8283 2
4560 2
8960 2
6028 2
2077 2
8808 2
6046 2
6420 2
5214 2
4178 2
8625 2
8714 2
10261 2
3886 2
9552 2
6087 2
8200 2
6738 2
9238 2
7930 2
4924 2
10562 2
7245 2
8331 2
10501 2
7003 2
9539 2
9748 2
9454 2
8600 2
6536 2
2891 2
6526 2
5792 2
10588 2
5016 2
10229 2
5003 2
5468 2
10037 2
5729 2
4764 2
7368 2
8199 2
9888 2
6651 2
4214 2
10395 2
4318 2
3729 2
10601 2
6148 2
9308 2
7692 2
10438 2
7069 2
9435 2
6472 2
8261 2
3374 2
5245 2
10011 2
8866 2
10740 2
8279 2
6359 2
2865 2
7419 2
5688 2
7184 2
9481 2
7701 2
9390 2
10275 2
6218 2
2884 2
5231 2
7163 2
6706 2
5955 2
7877 2
5521 2
10540 2
8698 2
5260 2
8806 2
9493 2
8756 2
8885 2
5208 2
9724 2
7654 2
5902 2
9514 2
10460 2
3440 2
7749 2
8045 2
2898 2
8799 2
6022 2
6031 2
3996 2
7153 2
2068 2
8758 2
7384 2
5791 2
5800 2
8338 2
6780 2
10137 2
4751 2
9110 2
10043 2
9667 2
8172 2
2575 2
6849 2
4861 2
4301 2
6711 2
10733 2
8373 2
4335 2
7577 2
5712 2
4806 2
3408 2
10175 2
10012 2
3101 2
5350 2
3293 2
6991 2
4446 2
8166 2
8160 2
8653 2
7750 2
10730 2
4384 2
10506 2
8707 2
8296 2
10040 2
8803 2
4043 2
3016 2
9698 2
9348 2
8357 2
9689 2
8512 2
7193 2
6628 2
10117 2
4224 2
8219 2
3068 2
8034 2
10164 2
4160 2
10115 2
5748 2
5579 2
7352 2
9943 2
4694 2
5746 2
4938 2
8679 2
10642 2
8208 2
7432 2
5232 2
5154 2
9553 2
9204 2
7350 2
6215 2
5269 2
7412 2
6725 2
9017 2
5182 2
7223 2
6577 2
7958 2
4876 2
8915 2
9990 2
10387 2
2038 2
6594 2
4412 2
5401 2
2621 2
3358 2
9792 2
2504 2
10119 2
8835 2
8017 2
7820 2
8693 2
8069 2
7383 2
7540 2
9797 2
10372 2
8467 2
4742 2
6817 2
8486 2
3482 2
7099 2
9202 2
8886 2
9113 2
7908 2
8131 2
8063 2
6993 2
6864 2
9274 2
7265 2
7483 2
9809 2
4680 2
6351 2
8732 2
4418 2
6974 2
5850 2
7145 2
8345 2
3282 2
7953 2
8074 2
9134 2
6620 2
4246 2
10248 2
8379 2
4140 2
9133 2
6128 2
7162 2
10435 2
6236 2
7214 2
8962 2
10706 2
6175 2
10225 2
8545 2
9949 2
6680 2
7580 2
2189 2
3541 2
4249 2
4725 2
9968 2
8951 2
6203 2
9172 2
4601 2
8532 2
9286 2
7292 2
10559 2
10561 2
6459 2
7919 2
9904 2
7706 2
5147 2
7282 2
10246 2
2476 2
7864 2
8044 2
7015 2
6562 2
4860 2
9526 2
3749 2
9005 2
6580 2
7041 2
9186 2
4614 2
5996 2
7748 2
9692 2
5957 2
7920 2
9090 2
8184 2
9543 2
3932 2
7100 2
9116 2
5470 2
7652 2
10126 2
10469 2
4159 2
5782 2
8327 2
7229 2
6112 2
7952 2
9925 2
6652 2
6520 2
9154 2
7946 2
8994 2
9264 2
6018 2
9366 2
6150 2
4347 2
8684 2
10694 2
7782 2
8362 2
8552 2
7464 2
4682 2
7447 2
2745 2
5247 2
8421 2
8395 2
9741 2
8849 2
7035 2
7328 2
8213 2
6621 2
9198 2
5526 2
6130 2
8048 2
6934 2
6440 2
6343 2
8416 2
5325 2
8173 2
5752 2
8223 2
10349 2
5853 2
8343 2
7569 2
9796 2
6306 2
9620 2
5857 2
10139 2
9641 2
5927 2
7138 2
7276 2
9220 2
10155 2
5708 2
4606 2
7159 2
3790 2
9161 2
6213 2
10087 2
10254 2
3768 2
5499 2
8910 2
9739 2
10417 2
7643 2
7929 2
6414 2
7888 2
5674 2
7747 2
6739 2
6511 2
9624 2
7441 2
6268 2
8370 2
8813 2
2768 2
10296 2
7771 2
8516 2
9043 2
3881 2
4428 2
4732 2
6897 2
10502 2
8336 2
7978 2
3893 2
5446 2
10249 2
1070 2
5133 2
7805 2
9911 2
10313 2
9969 2
7431 2
10610 2
9581 2
2265 2
9521 2
9333 2
8202 2
8413 2
4052 2
10170 2
10173 2
10527 2
5816 2
7039 2
5581 2
9225 2
4481 2
5796 2
5348 2
9129 2
10509 2
9473 2
8221 2
7324 2
8823 2
2541 2
6321 2
5566 2
9130 2
10274 2
6341 2
9609 2
6490 2
9209 2
6697 2
9211 2
10709 2
6641 2
10381 2
8043 2
9230 2
7797 2
7086 2
5186 2
10660 2
7727 2
6667 2
4531 2
4064 2
5962 2
2331 2
5834 2
8090 2
4333 2
5088 2
8134 2
8997 2
5643 2
4718 2
9121 2
4398 2
7079 2
5570 2
8609 2
2106 2
4795 2
9588 2
7385 2
7627 2
4735 2
4324 2
10086 2
9617 2
9542 2
5152 2
8364 2
8013 2
7217 2
8294 2
6674 2
3771 2
7303 2
4393 2
9383 2
7496 2
9755 2
9303 2
7243 2
9877 2
7780 2
5594 2
7767 2
7007 2
6752 2
10020 2
4966 2
9779 2
7476 2
9400 2
8306 2
4646 2
5937 2
7405 2
5883 2
4264 2
6504 2
10082 2
8740 2
3045 2
8003 2
6262 2
8002 2
10207 2
6961 2
8744 2
2333 2
7037 2
5616 2
8716 2
8392 2
9433 2
9338 2
9224 2
8352 2
3513 2
4803 2
8156 2
9532 2
3843 2
8193 2
10532 2
8242 2
6292 2
4832 2
4679 2
8660 2
1877 2
9638 2
5758 2
3611 2
10133 2
4726 2
5496 2
8430 2
2117 2
5183 2
6489 2
4840 2
1690 2
9346 2
9413 2
10107 2
8443 2
7657 2
4737 2
3539 2
9540 2
10557 2
10632 2
7867 2
8973 2
2341 2
8372 2
7456 2
7554 2
6382 2
9945 2
7724 2
8734 2
7728 2
4273 2
3597 2
6349 2
8024 2
9727 2
3761 2
7717 2
5404 2
8509 2
10045 2
6728 2
2839 2
8928 2
4887 2
6870 2
5273 2
9960 2
3477 2
4580 2
5323 2
8529 2
9180 2
8760 2
10534 2
6477 2
6878 2
5822 2
10067 2
7698 2
9656 2
8759 2
10579 2
8655 2
6782 2
6704 2
8818 2
8699 2
9729 2
10676 2
8317 2
8102 2
7455 2
8955 2
8860 2
3179 2
4504 2
7001 2
7174 2
7536 2
4804 2
4701 2
2420 2
5149 2
4988 2
10078 2
8171 2
9028 2
7257 2
4974 2
7742 2
10110 2
7973 2
7066 2
3336 2
9503 2
8673 2
5321 2
8694 2
6241 2
10092 2
8875 2
7315 2
9850 2
8018 2
5132 2
10018 2
10359 2
6279 2
7957 2
6882 2
6840 2
2340 2
4549 2
10278 2
4999 2
6657 2
3505 2
5308 2
5391 2
5874 2
6434 2
7417 2
7121 2
7674 2
2797 2
10310 2
9144 2
8563 2
7309 2
5775 2
8608 2
7512 2
4403 2
9229 2
2787 2
3650 2
9427 2
4342 2
4334 2
8940 2
8766 2
10686 2
7667 2
5810 2
8111 2
4669 2
9490 2
3997 2
9119 2
5330 2
9437 2
7572 2
9372 2
4086 2
4963 2
8524 2
5361 2
7972 2
10449 2
5215 2
4784 2
10675 2
5908 2
1718 2
9834 2
7481 2
7869 2
7254 2
8560 2
7059 2
3845 2
8669 2
5907 2
10424 2
2976 2
6545 2
5667 2
6338 2
7009 2
2606 2
9193 2
6159 2
7781 2
9397 2
5413 2
2234 2
6209 2
6446 2
8856 2
8071 2
3161 2
7906 2
8709 2
9489 2
10041 2
6494 2
4501 2
9122 2
10436 2
5174 2
8404 2
7164 2
5223 2
5958 2
9451 2
3797 2
4238 2
7799 2
7879 2
8105 2
8145 2
9380 2
7081 2
9618 2
7834 2
8842 2
4237 2
9738 2
8568 2
9273 2
6238 2
6874 2
6513 2
7206 2
9249 2
5604 2
10065 2
9240 2
10145 2
6913 2
9244 2
9310 2
7444 2
8059 2
8474 2
6765 2
7130 2
8303 2
5337 2
8470 2
9965 2
8396 2
10536 2
8909 2
9476 2
8564 2
8464 2
10467 2
6432 2
4668 2
6968 2
6394 2
3882 2
8902 2
9160 2
9773 2
8493 2
8288 2
1855 2
10736 2
8615 2
8116 2
7542 2
2339 2
8328 2
3990 2
9195 2
4072 2
10416 2
9584 2
7913 2
6165 2
10511 2
7414 2
5736 2
8984 2
2739 2
9506 2
8704 2
8783 2
7662 2
8466 2
8535 2
5484 2
7319 2
8348 2
10216 2
6735 2
8863 2
8129 2
7993 2
5903 2
10462 2
7212 2
9212 2
10389 2
9926 2
3946 2
8473 2
8267 2
10277 2
6685 2
9063 2
6717 2
9895 2
8646 2
10186 2
10479 2
9178 2
3054 2
5590 2
9343 2
7713 2
7078 2
5520 2
5299 2
4416 2
5050 2
2917 2
10222 2
8144 2
8477 2
7587 2
8275 2
7263 2
4763 2
7467 2
10461 2
7314 2
1374 2
6036 2
8307 2
6777 2
10053 2
9602 2
9993 2
5187 2
5928 2
7928 2
7581 2
5771 2
4851 2
4678 2
4134 2
10203 2
10569 2
2414 2
4337 2
8621 2
9723 2
10376 2
5942 2
3533 2
6465 2
8243 2
8763 2
9462 2
9194 2
4948 2
7809 2
9966 2
7256 2
8703 2
6650 2
8387 2
8514 2
7175 2
7836 2
9239 2
2498 2
8607 2
8147 2
9030 2
6411 2
7372 2
6815 2
5635 2
7637 2
5662 2
5605 2
3704 2
7141 2
4373 2
9221 2
4993 2
10653 2
7408 2
4316 2
8262 2
10646 2
6798 2
2355 2
10543 2
10605 2
4308 2
4058 2
9840 2
10026 2
4420 2
9335 2
8196 2
5704 2
7822 2
7021 2
9640 2
10342 2
3184 2
10138 2
7525 2
5740 2
3934 2
5212 2
7134 2
10367 2
2649 2
7237 2
10357 2
6421 2
5296 2
7290 2
2956 2
5118 2
5211 2
7764 2
9095 2
7897 2
6499 2
10698 2
7144 2
10178 2
8503 2
4656 2
6997 2
4223 2
9071 2
7124 2
4957 2
10432 2
1140 2
7479 2
9417 2
9296 2
6668 2
7434 2
3679 2
6890 2
8661 2
8741 2
6419 2
7533 2
4256 2
8198 2
7346 2
5170 2
8480 2
8291 2
10022 2
10677 2
8554 2
2631 2
10510 2
10679 2
6927 2
9662 2
8765 2
5586 2
4890 2
8558 2
8377 2
5238 2
5318 2
5838 2
8222 2
10302 2
10473 2
9379 2
6825 2
10531 2
10682 2
10205 2
9527 2
8959 2
10667 2
8567 2
6639 2
9100 2
4794 2
8566 2
6152 2
9583 2
7226 2
9458 2
7484 2
7904 2
9865 2
7362 2
8595 2
7327 2
2467 2
9382 2
5366 2
3957 2
9148 2
8169 2
5071 2
7137 2
7711 2
8058 2
4487 2
7884 2
9568 2
8214 2
8101 2
9947 2
10220 2
6124 2
6127 2
2426 2
4766 2
9094 2
8462 2
5347 2
4454 2
10466 2
9064 2
8717 2
9560 2
10243 2
8190 2
7792 2
8065 2
2957 2
7689 2
8937 2
5860 2
7246 2
8510 2
6978 2
8873 2
7310 2
9076 2
6085 2
8923 2
7669 2
8236 2
6563 2
4681 2
8376 2
2125 2
10091 2
8804 2
9055 2
9141 2
3891 2
6779 2
2893 2
8188 2
6909 2
7722 2
10162 2
8992 2
7863 2
8046 2
4198 2
3060 2
8591 2
5684 2
8010 2
5966 2
10132 2
4762 2
7949 2
5994 2
7093 2
5687 2
8234 2
10298 2
4097 2
7570 2
8604 2
2241 2
7775 2
7205 2
8428 2
6259 2
8833 2
8482 2
9402 2
1851 2
6078 2
3718 2
10636 2
2771 2
5536 2
7502 2
10369 2
7759 2
10600 2
7353 2
8781 2
4642 2
4124 2
7586 2
2798 2
10198 2
7611 2
5626 2
6111 2
7360 2
8753 2
9157 2
8672 2
5802 2
7547 2
8963 2
3586 2
8389 2
7127 2
4122 2
7301 2
6424 2
10384 2
8797 2
10167 2
6063 2
6272 2
6808 2
10042 2
6980 2
7610 2
5770 2
9815 2
8724 2
8601 2
8449 2
8877 2
6678 2
8949 2
9676 2
6030 2
10430 2
7992 2
5070 2
8647 2
10325 2
7378 2
7251 2
10625 2
6837 2
9386 2
6584 2
9658 2
6616 2
5976 2
6312 2
5612 2
3827 2
2360 2
4306 2
9799 2
8979 2
6557 2
10397 2
10573 2
9501 2
7597 2
7355 2
6517 2
2496 2
7274 2
6895 2
7641 2
9578 2
7697 2
6227 2
9410 2
8635 2
9771 2
10165 2
10446 2
7937 2
3601 2
9829 2
4183 2
9932 2
5469 2
9806 2
10448 2
10634 2
3707 2
10602 2
7752 2
6926 2
7514 2
7200 2
8750 2
9596 2
8274 2
7534 2
9232 2
6309 2
3760 2
7926 2
8612 2
6898 2
4158 2
5852 2
10374 2
8579 2
7694 2
9721 2
7399 2
10486 2
4483 2
5967 2
6099 2
8289 2
7842 2
8561 2
8189 2
4309 2
9241 2
10276 2
7907 2
7653 2
8772 2
2935 2
5493 2
10493 2
3426 2
9524 2
8505 2
7284 2
4723 2
8257 2
10492 2
5876 2
4453 2
8298 2
3059 2
9441 2
6528 2
7150 2
4722 2
7531 2
6139 2
7807 2
8366 2
3551 2
7340 2
6444 2
10157 2
9961 2
4283 2
6339 2
10208 2
2472 2
8397 2
4597 2
7211 2
2604 2
8522 2
2678 2
8272 2
8691 2
8164 2
6910 2
10197 2
6449 2
9714 2
5167 2
5474 2
9369 2
10160 2
9031 2
10581 2
7272 2
8888 2
4480 2
10075 2
2879 2
7397 2
9436 2
10113 2
9912 2
10257 2
9591 2
9276 2
9455 2
5181 2
9159 2
5789 2
3841 2
6348 2
7833 2
4392 2
5476 2
6021 2
2304 2
4989 2
9216 2
6311 2
7050 2
8700 2
6858 2
10388 2
7582 2
8244 2
5839 2
3983 2
8245 2
10481 2
8775 2
8754 2
6877 2
4752 2
8139 2
5219 2
8715 2
6896 2
9678 2
7335 2
7649 2
8711 2
9201 2
7095 2
9347 2
5514 2
6705 2
4868 2
10129 2
2715 2
7270 2
5305 2
6093 2
3758 2
8133 2
4589 2
7060 2
7969 2
8158 2
4757 2
8773 2
7267 2
7966 2
6893 2
7516 2
2630 2
9081 2
9665 2
2827 2
6976 2
9044 2
10152 2
8547 2
9309 2
9507 2
7602 2
10463 2
10330 2
8764 2
4907 2
5886 2
8548 2
9083 2
10085 2
9358 2
6636 2
10286 2
8356 2
10638 2
6116 2
8456 2
6418 2
9680 2
10410 2
3818 2
9976 2
10177 2
8824 2
7433 2
7520 2
8931 2
10195 2
6254 2
6571 2
9495 2
8897 2
9736 2
10206 2
10209 2
3630 2
6588 2
8585 2
5943 2
9025 2
6962 2
7250 2
9570 2
5253 2
6120 2
9889 2
10184 2
9318 2
7498 2
8431 2
9599 2
7386 2
6153 2
9112 2
8834 2
8451 2
9070 2
8998 2
7199 2
6932 2
10122 2
9901 2
7651 2
9763 2
9164 2
8313 2
9307 2
7427 2
8478 2
5778 2
6012 2
10081 2
1772 2
6583 2
6363 2
10578 2
9317 2
7363 2
6648 2
5430 2
7737 2
7177 2
6367 2
10647 2
3046 2
4600 2
7108 2
2443 2
10508 2
8180 2
5759 2
9988 2
8855 2
7614 2
8398 2
10228 2
9471 2
6900 2
7313 2
10039 2
7115 2
5603 2
9623 2
10224 2
6946 2
9931 2
8037 2
5400 2
6456 2
10533 2
8859 2
10504 2
8626 2
7932 2
9331 2
6930 2
6960 2
10656 2
6985 2
10234 2
8809 2
9339 2
10598 2
9663 2
6332 2
6352 2
2600 2
7599 2
8929 2
4082 2
6101 2
2624 2
6626 2
8720 2
8070 2
3427 2
7029 2
5121 2
9516 2
10426 2
7613 2
8167 2
5389 2
6068 2
8284 2
9479 2
4204 2
6097 2
7578 2
7779 2
7945 2
6228 2
8701 2
6197 2
8258 2
8904 2
7504 2
8733 2
8417 2
8786 2
9208 2
6644 2
8174 2
7893 2
9786 2
9183 2
10214 2
5738 2
8629 2
4917 2
5346 2
10615 2
6995 2
9757 2
5600 2
8844 2
9580 2
6781 2
6662 2
3222 2
7827 2
3851 2
9258 2
7690 2
6987 2
3836 2
2191 2
2584 2
9205 2
9630 2
8205 2
10144 2
6950 2
4945 2
9906 2
5049 2
8029 2
10696 2
1513 2
6280 2
5416 2
8468 2
6423 2
6350 2
6052 2
8950 2
10499 2
8589 2
5354 2
7107 2
9268 2
6938 2
9761 2
10441 2
8241 2
5969 2
6764 2
9703 2
9561 2
6979 2
7535 2
8112 2
6371 2
8870 2
5559 2
3436 2
3454 2
8675 2
9770 2
6157 2
9114 2
8472 2
5611 2
5190 2
8182 2
6820 2
10678 2
4524 2
9651 2
9916 2
3550 2
7072 2
9801 2
2602 2
10320 2
10729 2
10294 2
6492 2
4110 2
10268 2
10450 2
2595 2
10716 2
9746 2
9061 2
10575 2
7844 2
8250 2
7925 2
7927 2
6255 2
2519 2
4080 2
5349 2
5607 2
7320 2
10232 2
7460 2
4844 2
6755 2
10497 2
7247 2
4670 2
8985 2
7584 2
5157 2
4320 2
10328 2
8422 2
6708 2
4909 2
6451 2
4220 2
7411 2
6452 2
10255 2
5855 2
10468 2
8009 2
8690 2
10172 2
5039 2
2635 2
7063 2
10269 2
7196 2
8836 2
8350 2
4608 2
10670 2
10621 2
4035 2
7361 2
6933 2
10690 2
9197 2
6996 2
5929 2
8543 2
10264 2
7248 2
8120 2
9149 2
5891 2
3356 2
3741 2
6512 2
4769 2
8537 2
9867 2
4343 2
3332 2
9687 2
7480 2
10640 2
905 2
4209 2
10215 2
5344 2
6297 2
7204 2
3663 2
6883 2
10030 2
3522 2
9684 2
10478 2
3807 2
9085 2
6425 2
5675 2
6619 2
7624 2
7510 2
6790 2
6925 2
6171 2
5696 2
8989 2
9798 2
9362 2
8434 2
3354 2
9573 2
8534 2
10088 2
7855 2
4558 2
6936 2
4099 2
9883 2
9886 2
10326 2
10623 2
6224 2
7910 2
10617 2
6076 2
8121 2
9327 2
7471 2
7423 2
7922 2
6040 2
9467 2
10507 2
8641 2
5382 2
9067 2
7909 2
9547 2
10630 2
8826 2
9838 2
5159 2
9832 2
8619 2
5355 2
9016 2
8384 2
9406 2
7488 2
8539 2
6901 2
10079 2
6064 2
8987 2
4137 2
8457 2
7850 2
5233 2
6247 2
6249 2
5439 2
830 2
6017 2
6314 2
10735 2
5418 2
5591 2
10258 2
4505 2
8349 2
8050 2
6852 2
8210 2
9657 2
6742 2
4574 2
5195 2
9936 2
9324 2
8154 2
9188 2
8681 2
8092 2
6282 2
7896 2
5287 2
1900 2
6016 2
6689 2
3773 2
8575 2
6468 2
10528 2
8889 2
1959 2
4288 2
6629 2
8708 2
5621 2
10375 2
6627 2
4194 2
3973 2
3033 2
10009 2
8315 2
8594 2
6835 2
9541 2
9245 2
5176 2
7857 2
9974 2
4041 2
8533 2
10392 2
6845 2
10153 2
3627 2
9057 2
3682 2
10279 2
7296 2
7278 2
10297 2
3853 2
2524 2
7837 2
8161 2
6683 2
9915 2
6067 2
9120 2
3624 2
8226 2
3024 2
10648 2
4881 2
6568 2
9705 2
10125 2
9102 2
8073 2
7876 2
9762 2
7676 2
7091 2
8300 2
9263 2
5141 2
2747 2
8926 2
9674 2
9487 2
4366 2
7983 2
10697 2
7935 2
10500 2
4622 2
9392 2
5823 2
7760 2
6013 2
10521 2
7962 2
2970 2
7356 2
6793 2
3431 2
8768 2
10311 2
10038 2
9277 2
6585 2
9492 2
10322 2
9574 2
7393 2
5370 2
8695 2
8471 2
8562 2
4871 2
6195 2
9989 2
5462 2
5403 2
5456 2
4698 2
9828 2
9639 2
6642 2
10292 2
10738 2
9289 2
8603 2
3237 2
10522 2
9546 2
7222 2
8588 2
7774 2
7110 2
3437 2
6107 2
8408 2
4831 2
8077 2
7461 2
10044 2
6823 2
4818 2
5421 2
8385 2
7558 2
9878 2
2650 2
9203 2
8255 2
7562 2
8388 2
7618 2
2639 2
8841 2
4968 2
8944 2
9484 2
3190 2
6524 2
4835 2
6113 2
7240 2
9192 2
9712 2
10427 2
8551 2
3905 2
9171 2
9824 2
4294 2
8119 2
6458 2
6770 2
8570 2
4616 2
7379 2
10628 2
6669 2
7083 2
9137 2
8736 2
8086 2
6251 2
7042 2
8247 2
4758 2
7351 2
7342 2
7585 2
4986 2
3620 2
8632 2
7453 2
7049 2
8689 2
9646 2
10566 2
8974 2
4755 2
5599 2
7997 2
9320 2
5679 2
8858 2
7971 2
6347 2
8800 2
8026 2
7109 2
8747 2
7591 2
9430 2
5307 2
7854 2
9847 2
9813 2
5519 2
10098 2
4470 2
3654 2
10399 2
5512 2
10704 2
9704 2
10156 2
10154 2
8574 2
5818 2
7116 2
9962 2
9108 2
6834 2
10705 2
8232 2
10494 2
3529 2
4837 2
10194 2
6654 2
5697 2
5872 2
8183 2
9299 2
9706 2
9404 2
8015 2
6811 2
7016 2
10495 2
10046 2
7452 2
7176 2
8596 2
7521 2
8297 2
6461 2
7371 2
8346 2
9080 2
9880 2
5785 2
9937 2
8353 2
9679 2
8652 2
7975 2
9334 2
9819 2
7905 2
6158 2
5968 2
2746 2
8106 2
9051 2
10035 2
8828 2
9892 2
10049 2
9009 2
6712 2
9367 2
9329 2
7559 2
4946 2
9000 2
8674 2
5742 2
9849 2
5631 2
9971 2
4484 2
8542 2
5795 2
10204 2
7730 2
10093 2
8749 2
8805 2
7845 2
7848 2
5402 2
6398 2
1971 3
8278 3
1710 3
4427 3
8924 3
9247 3
4990 3
5750 3
5714 3
3521 3
3418 3
4695 3
6806 3
6380 3
5411 3
4168 3
1588 3
2442 3
8520 3
7227 3
5671 3
8580 3
4034 3
3385 3
7721 3
4018 3
8277 3
2312 3
4880 3
7070 3
3918 3
6605 3
7119 3
9243 3
7661 3
4478 3
6095 3
6632 3
6665 3
3981 3
4777 3
7557 3
2582 3
8067 3
5749 3
1469 3
7636 3
4535 3
5647 3
4943 3
6060 3
9256 3
6295 3
6108 3
6686 3
5044 3
2225 3
7770 3
2919 3
3723 3
6508 3
6541 3
2801 3
6871 3
4647 3
7293 3
4161 3
9554 3
9636 3
6048 3
6593 3
6356 3
4279 3
5682 3
7853 3
3154 3
5434 3
4800 3
8007 3
4230 3
6439 3
9664 3
4542 3
8577 3
5326 3
4265 3
7785 3
4197 3
9697 3
6567 3
3324 3
6366 3
4838 3
8304 3
9520 3
5427 3
7598 3
1392 3
4050 3
8117 3
4857 3
8281 3
5815 3
3799 3
5398 3
6118 3
8502 3
9586 3
9253 3
5103 3
4541 3
5122 3
4561 3
8954 3
4964 3
8237 3
2989 3
6360 3
1865 3
3345 3
6917 3
3672 3
9726 3
2324 3
1612 3
5329 3
8782 3
4846 3
6466 3
7443 3
4662 3
5582 3
5020 3
6397 3
8667 3
4263 3
4754 3
7482 3
7824 3
8429 3
4127 3
3323 3
5057 3
4128 3
6455 3
5545 3
7678 3
8742 3
4720 3
5656 3
4886 3
6707 3
2941 3
1024 3
7402 3
9047 3
5168 3
6553 3
6170 3
5096 3
3504 3
7631 3
4555 3
4281 3
7088 3
4910 3
9099 3
6972 3
4728 3
4874 3
4458 3
2463 3
9601 3
2549 3
6794 3
4073 3
6034 3
3793 3
6809 3
6396 3
9407 3
7954 3
3290 3
5229 3
5472 3
8738 3
6384 3
6163 3
3527 3
7450 3
6564 3
7477 3
1950 3
5433 3
4896 3
6263 3
6789 3
7712 3
6194 3
5930 3
5892 3
2816 3
8326 3
8616 3
5315 3
7616 3
7209 3
1250 3
2192 3
5875 3
3281 3
8801 3
5045 3
4410 3
2531 3
6286 3
7268 3
6595 3
2261 3
3546 3
6885 3
6447 3
8872 3
5657 3
3496 3
7623 3
6623 3
3608 3
5633 3
6698 3
6963 3
9589 3
9246 3
5258 3
4031 3
5638 3
1378 3
3747 3
6428 3
1516 3
3798 3
6147 3
6999 3
6912 3
8263 3
3693 3
6135 3
3762 3
6231 3
8177 3
5602 3
5813 3
9456 3
8025 3
2188 3
4383 3
6266 3
6403 3
6335 3
7729 3
5755 3
5239 3
5950 3
6143 3
9457 3
8140 3
8757 3
8028 3
7607 3
8668 3
9340 3
5982 3
4389 3
6473 3
2098 3
5565 3
6054 3
4939 3
6539 3
3247 3
6821 3
2856 3
4020 3
7006 3
3403 3
4785 3
6530 3
1838 3
8630 3
6478 3
6744 3
1863 3
7052 3
8256 3
4510 3
4814 3
4586 3
8636 3
3985 3
6658 3
9414 3
4826 3
9696 3
5970 3
3144 3
4498 3
5563 3
6514 3
5896 3
8983 3
5904 3
7129 3
3285 3
8047 3
4365 3
6832 3
8631 3
9046 3
4118 3
6467 3
2825 3
7699 3
3117 3
5203 3
5710 3
5230 3
5448 3
7523 3
7491 3
9319 3
5844 3
4358 3
6540 3
3609 3
5188 3
9808 3
9181 3
4700 3
8492 3
4378 3
1902 3
5125 3
7772 3
7465 3
9079 3
5432 3
7064 3
9018 3
2882 3
8382 3
8746 3
3962 3
5106 3
6791 3
7365 3
4317 3
8084 3
4431 3
1671 3
6104 3
9281 3
5652 3
3976 3
9744 3
5695 3
3489 3
6727 3
9643 3
5945 3
2159 3
9280 3
9228 3
4592 3
5879 3
1808 3
6542 3
5301 3
5577 3
7005 3
6253 3
3870 3
6204 3
8418 3
8170 3
4928 3
7338 3
7312 3
7560 3
6376 3
9445 3
6166 3
6670 3
7275 3
7566 3
7191 3
8442 3
4330 3
6575 3
3067 3
8056 3
8586 3
4926 3
4277 3
3350 3
5568 3
9279 3
7133 3
2699 3
6527 3
6180 3
3370 3
6609 3
1914 3
3695 3
6591 3
9344 3
8891 3
6077 3
4627 3
3816 3
6684 3
7622 3
4468 3
4146 3
6365 3
2299 3
6081 3
5006 3
2276 3
3371 3
3867 3
6086 3
8333 3
8494 3
6223 3
6695 3
2866 3
860 3
5115 3
6534 3
5517 3
3242 3
5207 3
3027 3
5240 3
6566 3
2229 3
7422 3
5028 3
6561 3
4850 3
4191 3
3240 3
3043 3
4387 3
3911 3
6543 3
7415 3
8108 3
5825 3
5811 3
3245 3
2053 3
5865 3
6611 3
4579 3
8527 3
7666 3
6733 3
2227 3
3412 3
3788 3
4892 3
7858 3
3409 3
3468 3
7744 3
7673 3
8444 3
9613 3
4298 3
4471 3
6059 3
4770 3
6515 3
4691 3
6442 3
6460 3
5849 3
8874 3
8386 3
4824 3
3295 3
1564 3
9060 3
7976 3
5539 3
6278 3
9610 3
9559 3
5236 3
6699 3
2753 3
6003 3
3607 3
6690 3
3331 3
5101 3
6156 3
4594 3
9373 3
2643 3
3048 3
4024 3
9227 3
6558 3
4572 3
9627 3
5863 3
5158 3
3351 3
2999 3
4612 3
9353 3
7817 3
7286 3
8867 3
8515 3
4044 3
3817 3
5909 3
7326 3
6145 3
9223 3
5198 3
7406 3
6289 3
3508 3
9140 3
4131 3
6190 3
6853 3
8011 3
7726 3
2616 3
6810 3
9765 3
5007 3
9671 3
4391 3
1342 3
9502 3
3476 3
2819 3
7179 3
7754 3
7916 3
8640 3
3499 3
6361 3
6801 3
4621 3
6413 3
7472 3
7880 3
3683 3
7056 3
1887 3
6888 3
5317 3
3417 3
8146 3
6105 3
4552 3
9794 3
8966 3
8254 3
6015 3
8499 3
9328 3
5086 3
9508 3
8399 3
1128 3
5919 3
8082 3
4937 3
9572 3
7113 3
9037 3
6162 3
2949 3
5924 3
6160 3
2402 3
8798 3
5163 3
8454 3
7364 3
3194 3
1386 3
6989 3
4959 3
1111 3
3501 3
5999 3
7766 3
7769 3
2598 3
3441 3
2693 3
6555 3
2902 3
4651 3
5078 3
2875 3
4271 3
5026 3
3406 3
3170 3
6881 3
8322 3
3670 3
4671 3
7376 3
5649 3
3846 3
6841 3
2108 3
8197 3
7224 3
6939 3
7192 3
7590 3
6959 3
4805 3
4969 3
8036 3
6635 3
6859 3
5261 3
4367 3
6947 3
7189 3
3544 3
6346 3
6703 3
8550 3
7826 3
8831 3
4019 3
6207 3
3266 3
2718 3
5940 3
7575 3
4933 3
3725 3
4685 3
4903 3
8055 3
7054 3
1675 3
1565 3
8142 3
9177 3
7004 3
2477 3
6476 3
7253 3
3739 3
6149 3
8815 3
7102 3
8381 3
4112 3
6552 3
4222 3
3906 3
5298 3
2560 3
4397 3
3145 3
8340 3
5784 3
9143 3
3950 3
6827 3
785 3
9398 3
3218 3
3724 3
7232 3
3647 3
2706 3
7068 3
6975 3
9634 3
5184 3
7358 3
1278 3
9322 3
7123 3
8206 3
8233 3
7322 3
5589 3
3086 3
7374 3
6066 3
8623 3
5832 3
5043 3
3644 3
8463 3
1905 3
8637 3
7986 3
6226 3
2032 3
5760 3
5769 3
9107 3
1445 3
921 3
4001 3
4011 3
5461 3
4852 3
5272 3
6726 3
5037 3
5620 3
2326 3
7872 3
5363 3
4977 3
8771 3
6183 3
7984 3
5030 3
1628 3
7210 3
2186 3
5311 3
6797 3
8710 3
1911 3
3165 3
5300 3
1642 3
8239 3
8658 3
5249 3
6358 3
7583 3
4303 3
5961 3
2952 3
8901 3
4096 3
5764 3
8536 3
4046 3
9702 3
4054 3
5124 3
4867 3
7373 3
6992 3
8790 3
7336 3
8840 3
6855 3
4486 3
4683 3
6796 3
1685 3
3992 3
1538 3
7795 3
6333 3
3526 3
8100 3
5766 3
5531 3
9551 3
5753 3
3298 3
7018 3
8584 3
4055 3
3783 3
3503 3
3830 3
4513 3
6767 3
6505 3
7000 3
8292 3
5277 3
9408 3
6008 3
2152 3
8390 3
5721 3
4363 3
5893 3
3933 3
6550 3
7899 3
6956 3
9236 3
3078 3
2758 3
2938 3
8149 3
6244 3
3659 3
5341 3
6769 3
8678 3
4508 3
4704 3
8032 3
3907 3
8450 3
7522 3
8314 3
5866 3
8982 3
7401 3
5284 3
7122 3
5166 3
1518 3
7980 3
5290 3
7135 3
3574 3
6630 3
8779 3
5259 3
7132 3
8789 3
6083 3
2157 3
3391 3
7868 3
7539 3
7691 3
4370 3
6952 3
2275 3
8894 3
4866 3
8807 3
9531 3
4448 3
6842 3
1617 3
6771 3
3844 3
8341 3
7344 3
2204 3
4085 3
3915 3
5429 3
5295 3
6919 3
8107 3
6276 3
7508 3
7537 3
3321 3
8956 3
5573 3
2012 3
3011 3
5437 3
9587 3
1485 3
6892 3
6271 3
9675 3
4386 3
1824 3
8602 3
9124 3
3049 3
5702 3
1243 3
6275 3
5140 3
3863 3
7043 3
2983 3
480 3
8409 3
3438 3
2552 3
8040 3
9621 3
9483 3
2777 3
7316 3
8488 3
5392 3
8913 3
6649 3
8517 3
9075 3
4802 3
6457 3
1624 3
9029 3
4447 3
8597 3
5153 3
5102 3
5270 3
7474 3
6602 3
5711 3
2154 3
7380 3
5213 3
5134 3
9091 3
6531 3
4624 3
8755 3
5314 3
8702 3
3100 3
6819 3
3953 3
7280 3
8062 3
4528 3
9218 3
9477 3
2114 3
4311 3
9235 3
5727 3
5610 3
8990 3
4848 3
5885 3
6029 3
5381 3
3669 3
7787 3
8260 3
2282 3
7304 3
9024 3
4063 3
9549 3
9384 3
4269 3
8081 3
5142 3
4706 3
6284 3
9022 3
2198 3
6069 3
8900 3
6638 3
3255 3
2579 3
3490 3
8420 3
5593 3
2700 3
7436 3
4272 3
7112 3
3058 3
4611 3
3734 3
9513 3
3942 3
4494 3
4908 3
7330 3
6409 3
6082 3
8410 3
6737 3
7898 3
4251 3
5898 3
5897 3
4323 3
2585 3
9069 3
6305 3
4652 3
7051 3
8968 3
8812 3
5585 3
5282 3
4231 3
6230 3
4602 3
4472 3
6038 3
7885 3
4660 3
7487 3
6273 3
6357 3
6731 3
4583 3
5511 3
6984 3
7334 3
8651 3
7574 3
8008 3
4829 3
7634 3
3271 3
7139 3
5254 3
3464 3
9722 3
2873 3
5234 3
5428 3
2852 3
5530 3
5670 3
4676 3
6391 3
6242 3
2720 3
2284 3
5571 3
9585 3
6603 3
3308 3
5971 3
9101 3
3414 3
6388 3
5949 3
5393 3
2786 3
7345 3
8066 3
3977 3
1510 3
6184 3
7644 3
8893 3
5463 3
7709 3
7541 3
4208 3
5383 3
3742 3
7660 3
9242 3
3202 3
8027 3
6402 3
4388 3
8634 3
3702 3
7252 3
9611 3
3706 3
5351 3
6132 3
6308 3
8662 3
3675 3
4951 3
6495 3
4102 3
5395 3
5869 3
6033 3
6804 3
4665 3
9777 3
5861 3
3389 3
6483 3
2354 3
3984 3
6168 3
8437 3
4955 3
5871 3
7180 3
8138 3
6256 3
9315 3
2744 3
2411 3
6783 3
5053 3
5557 3
8452 3
9269 3
7255 3
7563 3
1837 3
7458 3
3839 3
9139 3
7190 3
7579 3
5264 3
6092 3
8316 3
6873 3
6426 3
3579 3
9316 3
7708 3
3987 3
2929 3
8614 3
4823 3
6134 3
7242 3
3319 3
3591 3
3186 3
6981 3
1007 3
6759 3
3510 3
9351 3
8519 3
8168 3
8439 3
9523 3
6123 3
1223 3
8633 3
6687 3
8687 3
6220 3
9138 3
3605 3
4133 3
7071 3
5648 3
4654 3
5492 3
4070 3
6154 3
4227 3
8085 3
4736 3
7470 3
6565 3
6330 3
7944 3
3860 3
7391 3
5013 3
6100 3
5983 3
3334 3
7409 3
3754 3
4021 3
4878 3
5948 3
7221 3
5210 3
4005 3
7499 3
8141 3
6949 3
3461 3
5723 3
7142 3
7549 3
6217 3
3943 3
6758 3
8778 3
9740 3
5113 3
9175 3
8861 3
4241 3
4408 3
7067 3
2883 3
8728 3
9272 3
6000 3
6787 3
9261 3
2622 3
3910 3
6010 3
9393 3
2789 3
8821 3
4028 3
6656 3
7621 3
7106 3
6746 3
6479 3
3090 3
7825 3
2231 3
8881 3
6775 3
9092 3
9389 3
4456 3
7901 3
1921 3
3484 3
7235 3
3982 3
2909 3
7300 3
9260 3
7714 3
9701 3
1505 3
8465 3
2950 3
3634 3
5546 3
8898 3
8916 3
2811 3
2503 3
2724 3
4761 3
5306 3
9700 3
9517 3
9562 3
7203 3
9491 3
7381 3
5328 3
7830 3
4088 3
6091 3
8784 3
3506 3
9496 3
6075 3
5601 3
7564 3
9065 3
3884 3
7948 3
4276 3
5494 3
8103 3
1771 3
7354 3
3633 3
1541 3
2930 3
6732 3
3931 3
2350 3
6463 3
5123 3
8440 3
5487 3
7741 3
7601 3
4040 3
6482 3
4459 3
7187 3
7155 3
4419 3
7046 3
4666 3
7173 3
6800 3
5975 3
3542 3
5486 3
6715 3
6869 3
3119 3
3509 3
6202 3
1432 3
2434 3
3063 3
4430 3
2113 3
6860 3
9349 3
4257 3
5313 3
4773 3
7947 3
1780 3
5165 3
9292 3
6140 3
8991 3
6774 3
4985 3
4920 3
6839 3
7808 3
8794 3
6521 3
1852 3
2095 3
8843 3
7160 3
9226 3
6813 3
4847 3
8670 3
6192 3
7687 3
3283 3
5415 3
9807 3
7249 3
3518 3
7285 3
6045 3
7789 3
3960 3
5424 3
2870 3
6177 3
1957 3
6748 3
4375 3
3688 3
2659 3
2545 3
4631 3
6041 3
2075 3
4858 3
3434 3
4411 3
6019 3
6392 3
8925 3
8308 3
7778 3
7990 3
4705 3
9214 3
5267 3
9350 3
3450 3
3131 3
3037 3
8104 3
5913 3
3516 3
7493 3
9262 3
8576 3
3565 3
7645 3
6117 3
3520 3
6061 3
6655 3
8705 3
7154 3
4023 3
2620 3
5379 3
4489 3
3730 3
6867 3
7659 3
9603 3
6344 3
8127 3
7038 3
4569 3
5509 3
3855 3
4517 3
2059 3
8030 3
6784 3
8737 3
2612 3
9669 3
3203 3
4970 3
7739 3
7656 3
8325 3
1316 3
8042 3
2480 3
6701 3
7840 3
5683 3
3462 3
6861 3
7279 3
6481 3
7532 3
4715 3
7707 3
3000 3
7261 3
8087 3
2735 3
1875 3
3646 3
6691 3
4684 3
6589 3
8175 3
4637 3
7377 3
5880 3
4930 3
9556 3
7612 3
6675 3
5977 3
7318 3
6304 3
6807 3
7843 3
8590 3
2599 3
4429 3
4760 3
4115 3
7171 3
5222 3
1620 3
6904 3
4432 3
4545 3
5334 3
9447 3
6762 3
7149 3
3701 3
4336 3
2925 3
2863 3
4842 3
4421 3
9510 3
7883 3
7895 3
8125 3
5763 3
4532 3
7158 3
6525 3
8770 3
6237 3
2834 3
9732 3
7128 3
6915 3
5145 3
6816 3
4997 3
4797 3
8919 3
2607 3
1570 3
3390 3
3498 3
8053 3
5686 3
7489 3
5790 3
4901 3
9452 3
5067 3
2247 3
5807 3
3837 3
8876 3
8639 3
5412 3
5583 3
3955 3
4738 3
5422 3
6497 3
4039 3
9039 3
5801 3
5984 3
7323 3
8088 3
7756 3
4499 3
5293 3
7152 3
5510 3
4038 3
3056 3
5193 3
8572 3
6406 3
3502 3
5289 3
4915 3
3377 3
2562 3
4790 3
4093 3
1444 3
4780 3
7619 3
5387 3
6453 3
7695 3
3696 3
9376 3
8656 3
1945 3
5535 3
9605 3
8865 3
5870 3
3113 3
6498 3
4607 3
9332 3
3848 3
2876 3
2217 3
5529 3
5112 3
2701 3
4875 3
6299 3
4776 3
3064 3
8425 3
2019 3
6500 3
3140 3
4591 3
820 3
6844 3
9803 3
5989 3
2778 3
8458 3
9607 3
2581 3
7228 3
5353 3
9782 3
8216 3
5178 3
6653 3
5025 3
6569 3
6491 3
7157 3
4129 3
9403 3
4991 3
5894 3
8713 3
7670 3
5490 3
4557 3
8618 3
9778 3
9078 3
8287 3
4473 3
4538 3
9431 3
2988 3
4862 3
7082 3
4006 3
5148 3
3705 3
3602 3
4136 3
4503 3
7101 3
5268 3
6535 3
5082 3
4212 3
4186 3
1067 3
9377 3
1800 3
4360 3
2468 3
5799 3
5584 3
3014 3
6507 3
7034 3
3732 3
7208 3
5342 3
3769 3
3455 3
4798 3
5243 3
763 3
7956 3
3885 3
9420 3
3889 3
8072 3
5518 3
7519 3
9425 3
2625 3
5008 3
4521 3
5216 3
6836 3
4195 3
3150 3
5632 3
7755 3
6250 3
3425 3
7302 3
9128 3
2817 3
8375 3
6185 3
8526 3
5960 3
7262 3
6053 3
4699 3
9059 3
5522 3
5336 3
9395 3
4512 3
3776 3
7289 3
2235 3
3158 3
6186 3
6206 3
3093 3
7933 3
8359 3
5555 3
9734 3
5859 3
8415 3
3737 3
6785 3
4339 3
5809 3
9265 3
4739 3
4511 3
6318 3
3826 3
5119 3
9098 3
2433 3
6329 3
4713 3
8246 3
6200 3
2605 3
3755 3
1983 3
4822 3
6899 3
9206 3
2679 3
5109 3
2447 3
4626 3
4789 3
8052 3
2362 3
8192 3
5014 3
4923 3
3923 3
3668 3
5841 3
6967 3
6474 3
6381 3
6020 3
7047 3
7357 3
8005 3
1584 3
3465 3
5110 3
7571 3
4609 3
2429 3
9804 3
6598 3
5761 3
7655 3
5503 3
5129 3
4526 4
3010 4
5085 4
4406 4
6216 4
8483 4
5627 4
2013 4
3625 4
3402 4
3994 4
2427 4
5630 4
2881 4
3782 4
6560 4
6969 4
5540 4
5659 4
1328 4
2344 4
4352 4
1645 4
4518 4
7198 4
4206 4
7295 4
5534 4
3560 4
3198 4
4877 4
3649 4
1888 4
5980 4
4630 4
5023 4
4491 4
3547 4
6427 4
8268 4
930 4
4482 4
5316 4
1632 4
4092 4
4638 4
3676 4
7273 4
3751 4
4049 4
4687 4
6325 4
5111 4
7650 4
7148 4
7201 4
4275 4
4181 4
6443 4
7332 4
6546 4
6393 4
3720 4
6142 4
3169 4
6547 4
1351 4
3998 4
4775 4
5609 4
5528 4
4730 4
6470 4
1602 4
4165 4
5384 4
6415 4
5793 4
2168 4
6471 4
1251 4
8365 4
3231 4
4435 4
4689 4
2820 4
4449 4
2627 4
3108 4
4253 4
2128 4
5917 4
4057 4
2851 4
3480 4
3435 4
1480 4
2358 4
7507 4
2794 4
4567 4
2004 4
1458 4
6582 4
2580 4
3052 4
2608 4
5613 4
1954 4
5441 4
2404 4
7172 4
4746 4
7040 4
6024 4
5046 4
3216 4
3085 4
7784 4
6818 4
4485 4
1815 4
5224 4
4463 4
2840 4
6551 4
1408 4
5918 4
4157 4
2931 4
4033 4
2133 4
2892 4
5438 4
2361 4
1218 4
1745 4
3988 4
3727 4
1187 4
5200 4
2251 4
2685 4
6799 4
5944 4
5408 4
4467 4
3813 4
1389 4
1843 4
4169 4
3581 4
5953 4
1291 4
2748 4
2431 4
5410 4
1260 4
3197 4
5244 4
3709 4
5572 4
4949 4
2017 4
969 4
3711 4
6485 4
4188 4
2478 4
3588 4
4721 4
6146 4
3040 4
4394 4
2029 4
8530 4
8654 4
7989 4
2680 4
2916 4
2806 4
3861 4
4326 4
8447 4
5322 4
5017 4
4205 4
2850 4
5691 4
3467 4
5787 4
4357 4
8624 4
3448 4
8752 4
7555 4
3125 4
6050 4
2911 4
7513 4
3936 4
1704 4
5423 4
2626 4
1920 4
7527 4
6430 4
6098 4
3286 4
4341 4
2773 4
2222 4
4466 4
4523 4
5946 4
4879 4
3452 4
4981 4
5444 4
6970 4
7126 4
7459 4
3895 4
5830 4
5981 4
2279 4
3567 4
1441 4
7702 4
2271 4
5242 4
6151 4
6833 4
4295 4
4507 4
4155 4
4077 4
5715 4
4825 4
1598 4
2187 4
7753 4
7811 4
3759 4
3075 4
5935 4
7630 4
5814 4
4315 4
5933 4
7097 4
5459 4
5407 4
3575 4
1754 4
5777 4
1892 4
5042 4
3234 4
8097 4
6954 4
7241 4
7008 4
8649 4
6337 4
7337 4
1787 4
4258 4
5390 4
6734 4
7238 4
6902 4
3548 4
2308 4
7672 4
6246 4
4581 4
7325 4
3617 4
8163 4
4994 4
3143 4
4004 4
3615 4
3019 4
993 4
5226 4
1468 4
7024 4
2843 4
3424 4
3428 4
2153 4
5343 4
4675 4
6880 4
892 4
4605 4
4319 4
6179 4
4084 4
7403 4
3980 4
5923 4
5048 4
7435 4
4786 4
3784 4
6400 4
4433 4
3221 4
8697 4
3124 4
5544 4
6178 4
935 4
7020 4
7074 4
2453 4
4965 4
5099 4
5399 4
2363 4
4405 4
3698 4
2011 4
4987 4
2942 4
8565 4
6089 4
3394 4
3958 4
3770 4
1989 4
3908 4
3030 4
6437 4
6894 4
5340 4
1052 4
4260 4
3694 4
5939 4
5453 4
6221 4
5266 4
8060 4
3162 4
2342 4
4200 4
6848 4
3511 4
4106 4
4918 4
3728 4
5910 4
5505 4
6103 4
3562 4
1470 4
6173 4
5640 4
4465 4
3740 4
2901 4
5271 4
5959 4
5693 4
1762 4
3260 4
4266 4
2403 4
5858 4
6803 4
2590 4
4664 4
889 4
5248 4
2756 4
5781 4
7085 4
5069 4
3091 4
3619 4
2144 4
5747 4
2268 4
6232 4
5501 4
6375 4
7632 4
6125 4
7731 4
7216 4
1721 4
1401 4
2449 4
2127 4
2703 4
5768 4
6886 4
1988 4
5645 4
1304 4
5352 4
7400 4
1752 4
1697 4
7551 4
6645 4
7718 4
2733 4
8123 4
3473 4
5173 4
5677 4
3257 4
3871 4
7087 4
1303 4
6671 4
5905 4
7156 4
5339 4
3212 4
7985 4
4162 4
3857 4
2729 4
5831 4
2632 4
7036 4
8648 4
1806 4
8248 4
2743 4
3252 4
7118 4
8099 4
3193 4
7057 4
1601 4
2495 4
1319 4
6822 4
6633 4
3631 4
4409 4
3823 4
7395 4
7565 4
5737 4
5808 4
2682 4
5127 4
2107 4
4961 4
2714 4
7013 4
3712 4
5031 4
8360 4
7991 4
2779 4
2174 4
1853 4
5443 4
3460 4
4855 4
7596 4
2143 4
7675 4
2874 4
5040 4
4051 4
5542 4
7738 4
5845 4
6328 4
1994 4
4793 4
5406 4
7894 4
4641 4
4422 4
5192 4
3828 4
4079 4
5054 4
1635 4
7220 4
3315 4
4774 4
6037 4
6487 4
4865 4
6181 4
7463 4
2134 4
5862 4
8677 4
2936 4
2043 4
5018 4
3032 4
4714 4
3172 4
5956 4
6315 4
4634 4
7166 4
4171 4
6493 4
5194 4
2436 4
3681 4
4750 4
2953 4
5774 4
6281 4
5246 4
3912 4
7014 4
3666 4
8405 4
4407 4
1847 4
7646 4
6222 4
7815 4
7528 4
6431 4
4643 4
8419 4
2577 4
6121 4
8556 4
8730 4
7625 4
2782 4
4285 4
852 4
3149 4
7306 4
8461 4
2927 4
6617 4
4329 4
7835 4
5821 4
2006 4
2239 4
5077 4
5986 4
6694 4
6570 4
3803 4
4216 4
1546 4
3378 4
3926 4
5491 4
2391 4
1649 4
1532 4
7511 4
4520 4
6592 4
3469 4
2781 4
5867 4
6334 4
2710 4
7573 4
2067 4
3835 4
2030 4
5805 4
4539 4
4519 4
4423 4
7475 4
6155 4
7207 4
7146 4
7111 4
3094 4
4883 4
5668 4
2603 4
4799 4
5527 4
4440 4
2556 4
7457 4
4615 4
5196 4
6660 4
2982 4
6863 4
5598 4
1410 4
3423 4
2939 4
7635 4
5364 4
7048 4
7668 4
5692 4
6136 4
4221 4
1459 4
6051 4
5199 4
734 4
5060 4
3687 4
1774 4
4932 4
2908 4
3916 4
3026 4
6693 4
5882 4
4869 4
5467 4
5480 4
1578 4
7366 4
6260 4
1394 4
3850 4
7912 4
7633 4
5829 4
7538 4
5622 4
7030 4
3587 4
6345 4
6326 4
4175 4
4693 4
5079 4
6245 4
6615 4
1090 4
4382 4
5726 4
7033 4
5548 4
6879 4
6488 4
4792 4
7810 4
5731 4
4573 4
4673 4
5827 4
3442 4
4962 4
3072 4
2766 4
1883 4
3262 4
3965 4
660 4
2368 4
4724 4
6090 4
5029 4
7671 4
4495 4
5912 4
6749 4
2981 4
4125 4
3766 4
7305 4
8217 4
4117 4
4677 4
1094 4
6990 4
2912 4
6618 4
5938 4
1606 4
4066 4
6792 4
5155 4
2509 4
1248 4
2263 4
5820 4
3339 4
4053 4
6986 4
5000 4
5156 4
5947 4
4282 4
6062 4
6390 4
2452 4
5504 4
8238 4
5558 4
5588 4
5578 4
1382 4
4236 4
4287 4
5634 4
3765 4
4787 4
7264 4
2646 4
3787 4
3842 4
4690 4
5537 4
1431 4
3226 4
1576 4
3065 4
953 4
8650 4
5374 4
8719 4
3311 4
6436 4
3363 4
6501 4
7859 4
4104 4
6462 4
3935 4
3685 4
4540 4
6243 4
2388 4
2233 4
3925 4
5033 4
3310 4
5973 4
5915 4
5707 4
5698 4
1891 4
3795 4
5848 4
5098 4
3225 4
4733 4
4811 4
5489 4
3743 4
5900 4
3554 4
5362 4
6631 4
6327 4
1995 4
6905 4
1375 4
4245 4
6506 4
5138 4
5015 4
2832 4
3580 4
1435 4
5457 4
4145 4
1674 4
2770 4
7720 4
4819 4
1998 4
7218 4
8644 4
7745 4
1137 4
5972 4
3276 4
5658 4
3859 4
2097 4
2889 4
4830 4
6702 4
4163 4
3822 4
2654 4
6538 4
4779 4
3862 4
4553 4
2437 4
6110 4
3099 4
3304 4
3215 4
4090 4
2712 4
4439 4
1013 4
7311 4
3456 4
5087 4
4404 4
3349 4
6887 4
4710 4
5779 4
1411 4
6503 4
5532 4
3774 4
4816 4
7084 4
3585 4
5338 4
3791 4
6958 4
7136 4
6795 4
7188 4
8212 4
4809 4
6529 4
5597 4
4833 4
2803 4
3214 4
1599 4
1986 4
3583 4
8019 4
6387 4
3364 4
5990 4
4882 4
4000 4
1289 4
5567 4
5636 4
3616 4
1725 4
6102 4
4629 4
5409 4
2099 4
2494 4
470 4
4461 4
6597 4
8225 4
4142 4
6023 4
4740 4
4340 4
5553 4
6637 4
3380 4
3658 4
7823 4
6720 4
5916 4
3230 4
4496 4
5080 4
2493 4
1769 4
3188 4
3132 4
5767 4
3432 4
5256 4
4891 4
3297 4
5104 4
3243 4
6754 4
2291 4
4278 4
8426 4
5574 4
2727 4
6379 4
7442 4
2440 4
7681 4
4314 4
6138 4
6677 4
5745 4
4954 4
6692 4
1918 4
2371 4
7605 4
5095 4
2687 4
5650 4
4374 4
5358 4
3404 4
1214 4
6824 4
1908 4
3288 4
3638 4
4628 4
3219 4
5465 4
3708 4
5978 4
2792 4
1590 4
2219 4
2338 4
6191 4
683 4
5515 4
5090 4
1234 4
1692 4
3444 4
1467 4
3223 4
4479 4
4344 4
4105 4
4900 4
5084 4
6928 4
5388 4
2692 4
3082 4
6002 4
6723 4
7716 4
2484 4
4233 4
3224 4
4400 4
6830 4
2878 4
7647 4
4587 4
4741 4
1600 4
4958 4
4697 4
7705 4
1528 4
5034 4
5275 4
6729 4
4595 4
5151 4
6923 4
5719 4
2140 4
4617 4
1801 4
4610 4
4452 4
6554 4
5371 4
5541 4
1651 4
3924 4
2023 4
5164 4
3187 4
3989 4
3635 4
5171 4
5065 4
3614 4
1699 4
2063 4
6812 4
6911 4
5055 4
4633 4
2441 4
1789 4
1310 4
8176 4
7288 4
1297 4
3459 4
8523 4
1893 4
6210 4
6600 4
4173 4
4359 4
4905 4
2570 4
7440 4
7530 4
4462 4
8305 4
2373 4
6773 4
5139 4
5005 4
7526 4
4658 4
5319 4
7369 4
3825 4
3305 4
6941 4
959 4
4081 4
7244 4
3951 4
7939 4
8822 4
2790 4
3135 4
3812 4
1948 4
2563 4
6322 4
4437 4
1536 4
3802 4
1604 4
2236 4
2915 4
2294 4
4148 4
4307 4
1168 4
2719 4
2323 4
6417 4
3536 4
5333 4
3034 4
4098 4
6248 4
3007 4
3284 4
6370 4
1387 4
4559 4
6240 4
6303 4
5676 4
4003 4
3794 4
5332 4
4692 4
6057 4
1434 4
2561 4
4897 4
4717 4
6383 4
6399 4
3703 4
5772 4
6264 4
835 4
7430 4
5185 4
1952 4
6235 4
2167 4
6404 4
7448 4
3661 4
5136 4
6167 4
5836 4
2335 4
2760 4
1739 4
2845 4
7684 4
900 4
6523 4
3110 4
2576 4
3296 4
1627 4
5058 4
4022 4
4123 4
5436 4
7548 4
2156 4
4914 4
3373 4
4243 4
3645 4
5733 4
1790 4
6407 4
2190 4
7936 4
6172 4
7073 4
4362 4
2888 4
5817 4
6073 4
2838 4
8525 4
6401 4
3106 4
3381 4
7773 4
6088 4
3126 4
6610 4
1809 4
3317 4
3595 4
3382 4
5161 4
2380 4
2763 4
6672 4
5217 4
2425 4
5204 4
6362 4
5059 4
2961 4
1640 4
5812 4
1331 4
1050 4
7359 4
3963 4
3333 4
4331 4
5061 4
5205 4
3250 4
6129 4
5447 4
5278 4
4261 4
3920 4
7439 4
2343 4
3626 4
4075 4
6316 4
1129 4
3888 4
4509 4
1705 4
3840 4
5304 4
7331 4
3337 4
2836 4
3413 4
5221 4
1398 4
8269 4
3029 4
5964 4
3662 4
4916 4
4980 4
2946 4
8391 4
3137 4
3365 4
4653 4
1873 4
5873 4
8301 4
2653 4
5965 4
4477 4
2586 4
6043 4
4618 4
3256 4
2224 4
5651 4
3660 4
2713 4
6502 4
5471 4
4441 4
6435 4
1448 4
6647 4
2903 4
5417 4
5884 4
4801 4
6290 4
2821 4
2871 4
7089 4
2656 4
6661 4
6169 4
3878 4
6713 4
3745 4
2826 4
3558 4
3087 4
5114 4
5846 4
7556 4
6776 4
3898 4
5144 4
6496 4
7462 4
5606 4
1672 4
4349 4
7394 4
3569 4
5197 4
2022 4
4328 4
6429 4
4925 4
2382 4
5255 4
3664 4
5569 4
2861 4
5663 4
3610 4
3472 4
2923 4
3181 4
3061 4
4506 4
5665 4
4696 4
8438 4
2088 5
7568 5
4062 5
5911 5
3532 5
5032 5
777 5
1767 5
4255 5
5038 5
2858 5
3899 5
4596 5
3819 5
4490 5
3875 5
4912 5
4967 5
3531 5
4119 5
2172 5
4744 5
1486 5
4884 5
817 5
1770 5
3778 5
1551 5
2471 5
4327 5
6601 5
3561 5
909 5
2246 5
3263 5
2522 5
7617 5
2138 5
4547 5
3612 5
7075 5
2195 5
3307 5
2353 5
4820 5
1939 5
5251 5
4636 5
3632 5
2885 5
5804 5
6133 5
1684 5
4215 5
1306 5
2202 5
5235 5
6666 5
1016 5
1927 5
1318 5
3894 5
2583 5
2641 5
3537 5
6625 5
4543 5
4788 5
5739 5
5623 5
4385 5
3901 5
6056 5
1933 5
1549 5
4147 5
2741 5
4280 5
2818 5
3959 5
5062 5
2702 5
1625 5
5019 5
2170 5
2116 5
5425 5
5288 5
910 5
1748 5
7710 5
5116 5
4493 5
7308 5
1566 5
3246 5
4068 5
3329 5
1968 5
875 5
2855 5
3070 5
4863 5
1744 5
3628 5
7429 5
5024 5
1686 5
4712 5
4973 5
5064 5
1947 5
2310 5
4114 5
6300 5
4234 5
5263 5
5002 5
4176 5
4371 5
2835 5
4796 5
1409 5
3474 5
2303 5
6537 5
2932 5
1923 5
4947 5
2557 5
5664 5
2842 5
1605 5
5786 5
6319 5
3168 5
2674 5
5922 5
1450 5
6239 5
7505 5
3129 5
3012 5
987 5
1886 5
3785 5
5105 5
4107 5
6768 5
5699 5
4143 5
2288 5
6288 5
2428 5
2805 5
3396 5
5150 5
1611 5
4029 5
2290 5
3369 5
6219 5
6025 5
5722 5
2020 5
1823 5
3299 5
5426 5
6847 5
5394 5
2272 5
647 5
1906 5
2530 5
3028 5
773 5
4919 5
643 5
7446 5
4192 5
1839 5
5576 5
1512 5
1494 5
1616 5
3731 5
2907 5
3209 5
6607 5
2813 5
3820 5
3340 5
5464 5
1152 5
1429 5
1583 5
4345 5
6480 5
3523 5
3971 5
6122 5
2918 5
2173 5
6838 5
5694 5
2793 5
4455 5
6336 5
2807 5
2922 5
928 5
2615 5
3123 5
7407 5
2459 5
2054 5
4095 5
5835 5
1348 5
3384 5
3514 5
6074 5
2921 5
3421 5
3599 5
2473 5
5250 5
2298 5
6342 5
2283 5
3995 5
4960 5
3241 5
3141 5
3792 5
2554 5
3692 5
7333 5
4515 5
947 5
7682 5
2709 5
4488 5
2571 5
3852 5
5373 5
5279 5
4235 5
7736 5
5488 5
5081 5
5533 5
1701 5
2663 5
2537 5
563 5
432 5
2293 5
3592 5
1869 5
5010 5
1275 5
2824 5
2228 5
4292 5
6084 5
1844 5
7392 5
4663 5
5914 5
3410 5
5435 5
2384 5
6006 5
582 5
1582 5
1417 5
5888 5
4026 5
4244 5
4650 5
4619 5
5100 5
6119 5
1829 5
3673 5
5068 5
2267 5
1481 5
2492 5
2971 5
5988 5
3466 5
3868 5
6676 5
5899 5
1997 5
4667 5
2854 5
2810 5
2859 5
5798 5
5445 5
2042 5
2822 5
3107 5
5516 5
2481 5
1992 5
5703 5
3940 5
2964 5
894 5
4353 5
6549 5
4242 5
5543 5
3401 5
2897 5
2057 5
2867 5
2684 5
3347 5
853 5
1665 5
4091 5
1371 5
5551 5
3553 5
3831 5
2061 5
2322 5
4268 5
6682 5
3854 5
3253 5
5498 5
1353 5
1678 5
5851 5
3314 5
1426 5
5794 5
1531 5
3491 5
6516 5
1295 5
4396 5
2390 5
5108 5
5868 5
4812 5
2319 5
1127 5
4563 5
4425 5
3864 5
3361 5
4688 5
2334 5
1607 5
5375 5
2255 5
1756 5
2124 5
1461 5
2804 5
3207 5
2266 5
6772 5
4950 5
1167 5
2722 5
3174 5
6920 5
3849 5
7495 5
4368 5
6982 5
4379 5
5377 5
3873 5
3393 5
5642 5
2934 5
1230 5
3716 5
1835 5
1139 5
4625 5
6298 5
7185 5
867 5
6710 5
1507 5
7076 5
5056 5
4229 5
4007 5
3379 5
3856 5
1641 5
3999 5
2460 5
3229 5
4225 5
4719 5
3572 5
5951 5
3535 5
4443 5
6026 5
2465 5
5483 5
6998 5
5359 5
1473 5
5889 5
2800 5
5592 5
2725 5
6211 5
1967 5
1352 5
4154 5
2058 5
2418 5
4302 5
6634 5
5450 5
3095 5
2365 5
4240 5
2669 5
3446 5
5991 5
3767 5
4207 5
1567 5
4332 5
7055 5
3160 5
5751 5
3890 5
5169 5
7451 5
3939 5
3195 5
1736 5
1822 5
4893 5
2386 5
3206 5
1922 5
3166 5
4017 5
2979 5
3089 5
2673 5
4442 5
3919 5
2332 5
3929 5
5655 5
5126 5
5672 5
2485 5
6079 5
3289 5
2975 5
6405 5
2066 5
5280 5
3191 5
511 5
5012 5
4325 5
3900 5
2697 5
3991 5
5681 5
2135 5
1527 5
2828 5
619 5
7594 5
3777 5
3251 5
4911 5
4941 5
1231 5
3757 5
2489 5
2991 5
4768 5
2550 5
7098 5
4417 5
5051 5
668 5
5614 5
6144 5
1029 5
5074 5
6724 5
3291 5
2521 5
1305 5
5442 5
5856 5
2146 5
2937 5
1349 5
2601 5
3530 5
1636 5
5556 5
556 5
1591 5
3322 5
4729 5
3805 5
4575 5
3002 5
934 5
1803 5
1044 5
3200 5
1658 5
7012 5
7181 5
5179 5
3134 5
2313 5
4254 5
6364 5
6876 5
2155 5
2258 5
3481 5
4346 5
4469 5
2367 5
6044 5
7544 5
2707 5
6049 5
4170 5
5756 5
1962 5
7425 5
3921 5
1579 5
2327 5
1453 5
5041 5
6606 5
4791 5
4497 5
5730 5
1812 5
3189 5
2269 5
4756 5
2514 5
5385 5
3938 5
3261 5
3621 5
7317 5
2657 5
4101 5
4546 5
2672 5
1018 5
3443 5
1585 5
3573 5
1355 5
2366 5
5921 5
1206 5
3121 5
4156 5
4672 5
4550 5
4975 5
4402 5
3552 5
4782 5
2533 5
5525 5
2211 5
2287 5
4348 5
1622 5
3570 5
2264 5
5458 5
1664 5
2374 5
2872 5
6756 5
3136 5
5285 5
1849 5
1742 5
1173 5
3945 5
3735 5
2046 5
2628 5
2100 5
3808 5
3622 5
5431 5
4202 5
3201 5
3471 5
1281 5
3715 5
3280 5
5120 5
3954 5
1615 5
5625 5
4027 5
7600 5
7183 5
1575 5
2688 5
1963 5
2286 5
2506 5
2694 5
1656 5
2025 5
5303 5
3120 5
7307 5
6317 5
2216 5
843 5
5561 5
3407 5
5547 5
3689 5
5660 5
4450 5
1643 5
6377 5
4364 5
4474 5
1233 5
3254 5
2695 5
1732 5
3590 5
4189 5
3525 5
2652 5
4289 5
2409 5
3003 5
4291 5
1118 5
7424 5
6301 5
1053 5
2542 5
4414 5
3258 5
4210 5
3152 5
2176 5
7696 5
4979 5
3714 5
1362 5
3073 5
2637 5
3111 5
721 5
3294 5
1290 5
1970 5
1631 5
2869 5
2618 5
1154 5
6445 5
2691 5
1733 5
6032 5
3031 5
1301 5
6324 5
2716 5
1955 5
7339 5
1731 5
3543 5
3122 5
6302 5
4810 5
1464 5
2783 5
4476 5
1122 5
4759 5
3105 5
4219 5
4544 5
5562 5
4996 5
3600 5
3752 5
5128 5
2651 5
2328 5
2587 5
5481 5
5920 5
3458 5
3208 5
5824 5
1899 5
5963 5
1845 5
4516 5
3517 5
2705 5
7683 5
2221 5
3213 5
5455 5
4944 5
2830 5
2007 5
2736 5
1465 5
6673 5
3549 5
4613 5
2199 5
2166 5
3678 5
3400 5
2954 5
5075 5
3986 5
3449 5
3081 5
3128 5
4839 5
2658 5
3420 5
2212 5
6164 5
6696 5
5177 5
4436 5
3858 5
2985 5
7269 5
3824 5
3801 5
3163 5
6261 5
4381 5
1322 5
1496 5
4217 5
2645 5
1421 5
4548 5
4527 5
5619 5
3557 5
7298 5
3500 5
3367 5
2092 5
4872 5
1544 5
4045 5
2455 5
5661 5
3738 5
5952 5
4144 5
4141 5
7077 5
4426 5
6373 5
2808 5
4135 5
2948 5
6519 5
4845 5
3211 5
3656 5
2085 5
3463 5
3235 5
3944 5
3316 5
1727 5
1357 5
1340 5
2864 5
5369 5
2749 5
2039 5
5327 5
6484 5
2240 5
2364 5
3686 5
4982 5
2754 5
1522 5
6573 5
4232 5
2016 5
3814 5
1773 5
2208 5
2044 5
667 5
1447 5
4109 5
5004 5
3036 5
2799 5
1706 5
5172 5
3392 5
1982 5
745 5
7529 5
1984 6
4749 6
2421 6
4267 6
3302 6
2831 6
1840 6
1552 6
4042 6
1830 6
2180 6
1520 6
4747 6
2311 6
1217 6
3821 6
1403 6
2009 6
2513 6
3487 6
4226 6
1557 6
2412 6
747 6
854 6
1729 6
3559 6
4645 6
2559 6
3422 6
4711 6
1708 6
818 6
2833 6
3327 6
4813 6
1784 6
849 6
4293 6
2759 6
1011 6
2456 6
2123 6
4048 6
3164 6
1946 6
6205 6
2102 6
2193 6
1307 6
2302 6
2201 6
1373 6
3433 6
648 6
1205 6
1051 6
2010 6
5934 6
1046 6
2237 6
4578 6
1323 6
2466 6
2730 6
2214 6
3641 6
3210 6
2220 6
1644 6
1292 6
3270 6
1703 6
1990 6
3080 6
3993 6
2515 6
2529 6
3578 6
1574 6
2182 6
2617 6
2320 6
1969 6
2780 6
3205 6
4534 6
3865 6
3493 6
3772 6
2082 6
4270 6
1123 6
2546 6
4167 6
4149 6
3815 6
4971 6
5420 6
2349 6
2160 6
2035 6
3217 6
4767 6
4284 6
2345 6
3806 6
2401 6
2118 6
4936 6
1198 6
3700 6
2372 6
4898 6
384 6
4870 6
1132 6
3287 6
4709 6
1677 6
1021 6
3038 6
1156 6
4199 6
2681 6
2535 6
2894 6
1089 6
1314 6
1224 6
2677 6
4247 6
2000 6
1256 6
1751 6
1433 6
872 6
1874 6
4032 6
2079 6
2751 6
1594 6
3102 6
4014 6
2065 6
3318 6
3876 6
1964 6
3268 6
3204 6
5265 6
1504 6
813 6
3896 6
1204 6
5162 6
3902 6
1436 6
2638 6
3344 6
1768 6
4530 6
2163 6
3138 6
2965 6
2960 6
5575 6
2352 6
1856 6
3062 6
4286 6
3375 6
3267 6
989 6
1985 6
3880 6
5262 6
3874 6
2060 6
988 6
3104 6
1965 6
571 6
4201 6
4992 6
1263 6
1501 6
2774 6
2215 6
710 6
4841 6
893 6
4727 6
1509 6
5932 6
5227 6
5776 6
3362 6
6287 6
2318 6
2301 6
2408 6
5580 6
3584 6
884 6
5274 6
2309 6
3192 6
2967 6
1113 6
5097 6
1949 6
5629 6
1804 6
2325 6
1862 6
2731 6
4182 6
3941 6
1495 6
1514 6
1246 6
1400 6
3486 6
3979 6
1327 6
4828 6
5378 6
1765 6
1008 6
3157 6
4067 6
2784 6
5094 6
3341 6
2555 6
1407 6
4297 6
995 6
1610 6
2359 6
3453 6
5083 6
2857 6
1930 6
2940 6
3139 6
544 6
4827 6
2812 6
2177 6
1098 6
5877 6
2573 6
2675 6
1728 6
1442 6
3035 6
1614 6
6042 6
2432 6
2945 6
1828 6
4599 6
4492 6
1996 6
1180 6
3967 6
3913 6
3320 6
2717 6
1391 6
5001 6
2490 6
1347 6
1039 6
1836 6
1919 6
503 6
4564 6
1141 6
3146 6
4248 6
4321 6
2094 6
766 6
6320 6
6454 6
4071 6
2750 6
4152 6
2028 6
2566 6
4399 6
1909 6
2253 6
3892 6
2230 6
1666 6
1634 6
5864 6
3494 6
4889 6
5673 6
1639 6
3273 6
2126 6
3789 6
950 6
1449 6
2300 6
2295 6
2966 6
4748 6
4657 6
2378 6
5009 6
3568 6
2553 6
4921 6
1300 6
4834 6
2379 6
3313 6
2315 6
1202 6
2660 6
1023 6
5357 6
2527 6
3015 6
1525 6
3571 6
2175 6
3326 6
4069 6
1157 6
1086 6
1713 6
4716 6
3810 6
2330 6
1135 6
4211 6
1629 6
4369 6
5596 6
2111 6
5705 6
4565 6
2278 6
3244 6
1479 6
4556 6
2112 6
2101 6
6174 6
3726 6
3677 6
4218 6
1083 6
4885 6
1660 6
4514 6
769 6
3300 6
1561 6
1285 6
2474 6
1741 6
3021 6
1805 6
3084 6
1537 6
4300 6
1737 6
1325 6
5701 6
1425 6
3961 6
3233 6
1867 6
1172 6
3927 6
5368 6
1350 6
3974 6
4126 6
3009 6
1882 6
4132 6
1103 6
2647 6
918 6
3744 6
1474 6
2389 6
1337 6
1556 6
1326 6
4584 6
1890 6
4929 6
1657 6
3937 6
961 6
5644 6
2105 6
4588 6
3613 6
2387 6
5513 6
1580 6
1144 6
1991 6
6721 6
2995 6
3395 6
2564 6
1876 6
4502 6
2048 6
2544 6
1693 6
3047 6
2662 6
3173 6
4781 6
5228 6
1440 6
3582 6
1031 6
2610 6
5397 6
5803 6
1227 6
2664 6
873 6
1937 6
1519 6
4120 6
5011 6
1714 6
2849 6
6450 6
5783 6
4187 6
2416 6
5386 6
2018 6
1821 6
2905 6
2972 6
3833 6
3829 6
3325 6
1797 6
5587 6
5507 6
4151 6
2454 6
3796 6
1020 6
1577 6
2947 6
6574 6
3346 6
1866 6
3589 6
4180 6
1529 6
2767 6
1543 6
1343 6
3151 6
3430 6
2708 6
709 6
4351 6
2928 6
1700 6
2508 6
4250 6
2926 6
1143 6
2721 6
4274 6
5091 6
2238 6
3142 6
2370 6
1252 6
3055 6
3005 6
4984 6
1676 6
3838 6
2209 6
3479 6
2661 6
1420 6
3352 6
1332 6
4940 6
1621 6
4475 6
2103 6
2482 6
5310 6
5076 6
4065 6
3020 6
2194 6
4372 6
6778 6
5073 6
3388 6
2005 6
2385 6
3643 6
5716 6
1222 6
3691 6
1936 6
4525 6
3096 6
4849 6
4529 6
2070 6
2844 6
4153 6
4380 6
1454 6
2458 6
5524 6
5713 6
4598 6
1003 6
1647 6
2317 6
3359 6
1929 6
1788 6
3372 6
1195 6
3949 6
3098 6
4166 6
4002 6
1145 6
3076 6
3524 6
2906 6
3156 6
736 6
4935 6
3764 6
4972 6
2734 6
2171 6
2451 6
1308 6
1284 6
4310 6
2424 6
2963 6
2109 6
6009 6
5367 6
3178 6
3879 6
2665 6
1249 6
4995 6
4562 6
5117 6
4111 6
4139 6
3640 6
3272 6
3970 6
1884 6
5500 6
2178 6
1932 6
3130 6
2014 6
1182 6
1282 6
3264 6
4016 6
6664 6
621 6
3975 6
1910 6
3051 6
5685 6
1539 6
1238 6
2853 6
3368 6
6198 6
1935 6
1696 6
1114 6
2260 6
3274 6
1395 6
3497 6
1484 6
5718 6
4998 6
4707 6
2277 6
2145 6
3248 6
531 6
5954 6
3717 6
3519 6
3800 6
1661 6
2791 6
2815 6
2273 6
1365 6
1720 6
3342 6
5292 6
2958 6
3050 6
1430 6
5506 6
1872 6
3779 6
429 6
2348 6
2104 6
1816 6
605 6
4978 6
2511 6
3655 6
2969 6
2765 6
1757 6
2205 6
2996 6
2040 6
3022 6
5475 6
3786 6
5637 6
2091 6
3335 6
3968 6
1626 6
5477 6
844 6
2785 6
1662 6
4952 6
3652 6
1414 6
6579 6
3183 6
2534 6
2913 6
1609 6
2115 6
3869 6
1273 6
1740 6
5396 6
2567 6
2444 6
3069 6
1956 6
3618 6
2984 6
1799 6
1188 6
2396 6
4976 6
4290 6
2528 6
4304 6
2764 6
2887 7
760 7
1229 7
2041 7
1000 7
2532 7
3538 7
2200 7
790 7
822 7
3639 7
2920 7
2439 7
2501 7
1183 7
506 7
4457 7
750 7
1108 7
1860 7
2121 7
1498 7
3343 7
3180 7
3642 7
3636 7
936 7
2611 7
3330 7
390 7
5063 7
1904 7
1026 7
5762 7
881 7
3721 7
1457 7
1272 7
1810 7
4036 7
4047 7
3684 7
958 7
2951 7
1523 7
1178 7
869 7
1603 7
1049 7
2037 7
2500 7
5754 7
2438 7
1087 7
671 7
2740 7
3763 7
2069 7
1499 7
968 7
1999 7
1216 7
1313 7
3405 7
1717 7
4623 7
1743 7
1638 7
2369 7
2242 7
3112 7
4061 7
5047 7
2148 7
5669 7
1200 7
1885 7
3594 7
3092 7
2886 7
3386 7
2281 7
1025 7
397 7
1095 7
2593 7
5302 7
698 7
5826 7
2316 7
1747 7
4570 7
3657 7
1776 7
559 7
2244 7
2026 7
916 7
2539 7
3648 7
2015 7
1938 7
2262 7
2596 7
1274 7
1825 7
2445 7
4252 7
4376 7
1446 7
3930 7
2510 7
3914 7
1548 7
2738 7
3013 7
912 7
1258 7
3017 7
3556 7
1174 7
3528 7
944 7
2072 7
2772 7
1738 7
1659 7
3057 7
1572 7
2505 7
2213 7
1975 7
1466 7
776 7
1654 7
1043 7
3177 7
1109 7
1993 7
1228 7
4185 7
2321 7
2422 7
1587 7
1951 7
4413 7
1239 7
2788 7
737 7
4177 7
1315 7
1798 7
811 7
1924 7
839 7
2728 7
2802 7
3780 7
2578 7
1121 7
2462 7
1130 7
4864 7
3969 7
595 7
890 7
1680 7
2210 7
2036 7
3475 7
2430 7
945 7
2809 7
2457 7
4659 7
1573 7
845 7
440 7
1254 7
3415 7
2207 7
1663 7
1476 7
949 7
3397 7
5297 7
3603 7
3278 7
2642 7
494 7
1506 7
1779 7
2250 7
1978 7
1630 7
4635 7
2158 7
2955 7
455 7
1317 7
1397 7
2644 7
3309 7
1912 7
1500 7
1807 7
888 7
919 7
2306 7
1794 7
5376 7
1848 7
1889 7
1321 7
1854 7
5508 7
5146 7
4259 7
1977 7
3952 7
3897 7
3328 7
1526 7
2131 7
3366 7
1571 7
837 7
804 7
430 7
2497 7
1019 7
2841 7
4179 7
1596 7
574 7
4312 7
693 7
4010 7
1613 7
3832 7
1242 7
1972 7
809 7
4566 7
3948 7
3485 7
2150 7
3563 7
1338 7
4213 7
5035 7
1240 7
2122 7
2974 7
3637 7
1277 7
2910 7
4603 7
2419 7
3077 7
1934 7
1472 7
3239 7
3196 7
1027 7
1383 7
2257 7
633 7
4296 7
1734 7
3917 7
1916 7
2723 7
2479 7
2994 7
3279 7
4083 7
3159 7
4008 7
1846 7
1755 7
2487 7
4313 7
1715 7
4121 7
646 7
960 7
4350 7
2461 7
1372 7
1189 7
1553 7
550 7
2184 7
5360 7
2417 7
1045 7
1085 7
2357 7
2292 7
951 7
1559 7
3275 7
1158 7
1279 7
2860 7
1390 7
1424 7
943 7
3781 7
3515 7
1817 7
1750 7
3236 7
2356 7
728 7
1269 7
1760 7
2197 7
1785 7
3171 7
1709 7
2990 7
3419 7
3966 7
1695 7
897 7
2470 7
2151 7
2223 7
2376 7
1268 7
1082 7
300 7
4888 7
2435 7
1354 7
2993 7
4059 7
1028 7
3155 7
2245 7
4817 7
2206 7
1131 7
2407 7
1781 7
653 7
1193 7
3470 7
2648 7
1062 7
2486 7
1005 7
1722 7
3114 7
4649 7
1595 7
1185 7
1542 7
2093 7
3074 7
906 7
1166 7
2737 7
4130 7
3039 7
1960 7
794 7
2823 7
886 7
5560 7
4815 7
1412 7
1782 7
4922 7
2589 7
2084 7
2547 7
3006 7
907 7
2761 7
2249 7
3512 7
2090 7
1795 7
2683 7
4533 7
1597 7
3176 7
824 7
1211 7
3220 7
996 7
4451 7
4444 7
4009 7
2689 7
4094 7
4956 7
4262 7
3265 7
4037 7
2900 7
2998 7
2446 7
3495 7
2415 7
1253 7
4873 7
3147 7
840 7
5549 7
1758 7
1497 7
3887 7
5451 7
4913 7
3629 7
5654 7
4305 7
1080 7
2543 7
3004 7
1136 7
933 7
3564 7
637 7
742 7
2475 7
4708 7
1257 7
1792 7
615 7
1294 7
451 7
1339 7
3651 7
764 7
3478 7
1783 7
1041 7
1271 7
2071 7
2690 7
1393 7
4060 7
1164 7
5495 7
3353 7
1563 7
4228 7
1668 7
2943 7
3182 7
2395 7
3053 7
2185 7
775 7
2614 7
1482 7
2002 8
1944 8
3008 8
3710 8
1534 8
491 8
1478 8
2129 8
1976 8
1116 8
2086 8
2986 8
3023 8
406 8
1894 8
687 8
2776 8
870 8
1942 8
3118 8
2668 8
489 8
1359 8
1104 8
3066 8
2398 8
744 8
1833 8
1511 8
1759 8
880 8
3042 8
1048 8
3429 8
752 8
1648 8
952 8
5092 8
770 8
979 8
466 8
509 8
1219 8
2096 8
984 8
3483 8
1818 8
3360 8
1841 8
1221 8
833 8
1266 8
2594 8
899 8
3355 8
4853 8
2565 8
1288 8
1524 8
1961 8
2757 8
1716 8
1073 8
2655 8
2033 8
691 8
590 8
1399 8
2329 8
2305 8
3387 8
1655 8
2083 8
496 8
1981 8
1302 8
1194 8
1555 8
3103 8
1973 8
412 8
3416 8
1418 8
2064 8
879 8
2003 8
3097 8
3577 8
2977 8
2347 8
1146 8
1102 8
629 8
692 8
2523 8
1283 8
2491 8
1683 8
937 8
2027 8
4836 8
771 8
2469 8
1786 8
980 8
636 8
748 8
2024 8
4108 8
1915 8
2423 8
4731 8
2161 8
4807 8
3447 8
587 8
3750 8
1428 8
553 8
925 8
680 8
4983 8
1117 8
1126 8
2203 8
1897 8
704 8
2775 8
846 8
780 8
1385 8
4164 8
1264 8
1775 8
1438 8
2848 8
2055 8
965 8
2021 8
2968 8
4536 8
1987 8
3398 8
1081 8
2696 8
3399 8
1161 8
1376 8
1533 8
927 8
1687 8
1735 8
1215 8
2634 8
2742 8
624 8
2045 8
1766 8
2400 8
5072 8
3883 8
2962 8
1901 8
1110 8
827 8
2795 8
2183 8
2081 8
2196 8
1492 8
675 8
2410 8
2110 8
3348 8
2165 8
2256 8
2120 8
834 8
1415 8
1761 8
1439 8
1065 8
986 8
2877 8
2392 8
2181 8
1208 8
1723 8
3175 8
4056 8
874 8
1175 8
1682 8
3866 8
862 8
1637 8
3083 8
774 8
1979 8
3598 8
2814 8
2526 8
2846 8
3719 8
499 8
2162 8
1980 8
1694 8
2393 8
1702 8
1413 8
2397 8
3133 8
1589 8
4377 8
3604 8
2558 8
1895 8
3492 8
828 8
1831 8
1356 8
757 8
2488 8
4013 8
4438 8
3623 8
1670 8
354 8
920 8
492 8
825 8
758 8
2973 8
1540 8
1030 8
535 8
3457 8
1463 8
2289 8
2726 8
1009 8
2568 8
2609 8
4686 8
1324 8
2698 8
1711 8
2051 8
3277 8
1646 8
3232 8
4076 8
1192 8
2868 8
626 8
1040 8
3167 8
913 8
3665 8
765 8
1244 8
977 8
2336 8
1100 8
4522 8
1796 8
3376 8
2518 8
2406 8
611 8
3238 8
2502 8
368 8
882 8
2381 8
3909 8
1280 8
826 8
1068 8
2711 8
1726 8
1462 8
1880 8
3507 8
2254 8
1099 8
1619 8
1653 8
243 8
1452 8
1941 8
1707 8
1034 8
904 8
711 8
2880 8
1091 8
1832 8
871 8
1074 8
3847 8
1689 8
287 8
1928 8
1237 8
1160 8
2297 8
1057 8
3834 8
652 8
2992 9
1698 9
1037 9
2142 9
389 9
1819 9
1190 9
3904 9
3903 9
1134 9
640 9
1688 9
543 9
2089 9
2613 9
1493 9
3576 9
1416 9
328 9
1012 9
2383 9
2538 9
2076 9
416 9
1312 9
284 9
1298 9
1502 9
1212 9
1138 9
456 9
1377 9
1749 9
1503 9
486 9
1186 9
436 9
1276 9
3153 9
3593 9
842 9
938 9
1346 9
2686 9
896 9
576 9
2274 9
672 9
2050 9
985 9
1419 9
1681 9
756 9
3227 9
2280 9
3338 9
1871 9
866 9
1489 9
1017 9
2296 9
3972 9
914 9
3312 9
3674 9
808 9
754 9
3109 9
708 9
659 9
1826 9
1868 9
929 9
2512 9
701 9
2896 9
2074 9
1404 9
1199 9
1850 9
1368 9
1235 9
2592 9
2762 9
1903 9
1364 9
507 9
1169 9
2636 9
508 9
2377 9
1367 9
821 9
724 9
238 9
2978 9
1388 9
1618 9
781 9
504 9
1569 9
2056 9
1491 9
472 9
1366 9
994 9
1112 9
407 9
1058 9
4184 9
500 9
1006 9
663 9
2829 9
2052 9
1633 9
1764 9
669 9
1896 9
3292 9
2285 9
902 9
983 9
1093 9
931 9
1558 9
1002 9
703 9
2132 9
593 9
1078 9
1608 9
4138 9
596 9
2080 9
924 9
1336 9
1196 9
2483 9
2847 9
1299 9
2337 9
1508 9
2525 9
1842 9
1176 9
1032 9
2633 9
462 9
2001 9
1015 9
439 9
343 9
420 9
294 9
655 9
1262 9
4354 9
1679 9
1879 9
3956 9
2619 9
1333 9
2980 9
718 9
1483 9
4174 9
715 9
604 9
1075 9
1096 9
1036 9
1746 9
557 9
3001 9
1311 9
2375 9
841 9
787 9
1778 9
3018 9
1913 9
2536 9
632 9
1560 9
3301 9
1490 9
1568 10
1777 10
685 10
673 10
346 10
2226 10
803 10
293 10
1406 10
638 10
1547 10
1203 10
1593 10
1477 10
325 10
1753 10
713 10
1673 10
1064 10
878 10
2597 10
2314 10
1076 10
1088 10
793 10
3488 10
1369 10
2895 10
1259 10
372 10
2399 10
802 10
1201 10
1191 10
502 10
2676 10
2031 10
1133 10
877 10
1320 10
584 10
490 10
981 10
335 10
1931 10
547 10
2413 10
1545 10
1437 10
782 10
2248 10
1072 10
666 10
394 10
1861 10
2034 10
1521 10
1184 10
2623 10
784 10
1650 10
578 10
401 10
697 10
1958 10
364 10
717 10
1554 10
1232 10
601 10
963 10
1943 10
403 10
1669 10
679 10
1063 10
1550 10
2078 10
1079 10
1652 10
471 10
1059 10
377 10
3044 10
468 10
417 10
1033 10
3116 10
2914 10
1966 10
1451 10
1827 10
1926 10
474 10
978 10
2899 10
699 10
876 10
423 10
863 10
982 10
1151 10
2141 10
2540 10
733 10
1907 10
520 10
1667 10
3383 10
2671 10
1022 10
591 10
1220 10
967 10
1878 10
446 10
2517 10
610 10
1286 10
700 10
435 10
255 10
607 10
644 10
3127 10
992 10
2243 10
2405 10
1813 10
303 10
566 10
955 10
2588 10
536 10
1153 10
1763 10
2520 10
1724 10
2137 10
254 10
2667 10
695 10
922 10
244 10
603 10
855 10
848 10
1405 10
739 10
868 10
1380 10
2130 10
795 10
481 10
911 10
716 10
460 10
2666 10
2551 10
1092 10
727 10
1858 10
791 10
1530 10
678 10
616 10
1730 10
645 10
772 10
1207 10
1379 10
600 10
1038 10
2169 10
1488 10
1163 10
1119 10
1396 10
2464 10
330 10
1370 10
2047 10
1179 10
885 10
1150 11
628 11
696 11
681 11
649 11
641 11
1177 11
381 11
1047 11
719 11
428 11
271 11
2252 11
1334 11
901 11
580 11
1820 11
2548 11
975 11
1071 11
966 11
1225 11
991 11
806 11
433 11
585 11
1623 11
1881 11
267 11
612 11
856 11
479 11
1147 11
797 11
1125 11
1181 11
997 11
1149 11
1171 11
1360 11
779 11
2572 11
1712 11
2164 11
454 11
1236 11
998 11
1014 11
568 11
634 11
812 11
1255 11
2450 11
1170 11
903 11
1515 11
598 11
1471 11
3079 11
1084 11
1859 11
2087 11
1296 11
1241 11
528 11
2499 11
740 11
786 11
204 11
371 11
941 11
706 11
473 11
387 11
702 11
583 11
1330 11
421 11
1270 11
990 11
956 11
1864 11
946 11
838 11
2987 11
2073 11
783 11
1384 11
753 11
588 11
768 11
609 11
2147 11
250 11
657 11
493 11
847 11
1197 11
948 11
1265 11
2591 11
1811 11
778 11
2119 11
746 11
419 11
686 11
1487 11
476 11
352 11
242 11
2574 11
1148 11
1213 11
1107 11
312 11
1940 11
829 11
385 11
618 11
342 11
497 11
1293 11
485 11
318 11
665 11
301 11
410 11
358 11
1341 11
1066 11
422 11
567 11
575 11
1209 11
510 11
1802 12
1791 12
1162 12
534 12
444 12
1210 12
661 12
858 12
525 12
650 12
1042 12
1060 12
1422 12
457 12
1925 12
1287 12
569 12
861 12
1345 12
298 12
1159 12
614 12
450 12
1857 12
962 12
560 12
964 12
1456 12
723 12
518 12
289 12
418 12
399 12
1475 12
2179 12
1898 12
908 12
755 12
341 12
227 12
670 12
226 12
2394 12
347 12
815 12
2049 12
281 12
383 12
223 12
1691 12
1077 12
214 12
1165 12
411 12
554 12
1719 12
2259 12
351 12
738 12
805 12
167 12
1069 12
688 12
2507 12
317 12
1517 12
796 12
1460 12
923 12
1055 12
690 12
398 12
798 12
606 12
1427 12
694 12
1361 12
539 12
1124 12
682 12
741 12
954 12
374 12
2139 12
639 12
1115 12
376 12
749 12
1381 13
725 13
1581 13
299 13
247 13
1097 13
414 13
331 13
1245 13
532 13
800 13
424 13
447 13
356 13
891 13
441 13
329 13
932 13
1061 13
608 13
448 13
1329 13
751 13
443 13
488 13
970 13
586 13
594 13
974 13
527 13
549 13
810 13
732 13
976 13
631 13
1423 13
459 13
522 13
529 13
1309 13
857 13
210 13
940 13
514 13
1120 13
361 13
597 13
1443 13
555 13
917 13
314 13
386 13
498 13
1535 13
277 13
363 13
1592 13
1155 13
602 13
324 13
248 13
445 13
404 13
926 13
360 13
1562 13
743 13
651 13
664 13
558 14
513 14
654 14
1054 14
217 14
458 14
720 14
311 14
353 14
564 14
495 14
310 14
971 14
1035 14
836 14
1247 14
395 14
274 14
865 14
319 14
722 14
656 14
304 14
348 14
327 14
283 14
1344 14
367 14
409 14
729 14
620 14
1814 14
895 14
623 14
315 14
788 14
1106 14
599 14
249 14
530 14
272 14
1834 14
792 14
388 14
850 14
942 14
334 14
475 14
1358 14
540 14
306 14
266 14
365 14
465 14
761 14
501 14
705 14
887 14
552 14
801 15
1267 15
219 15
438 15
625 15
883 15
467 15
246 15
469 15
207 15
292 15
427 15
789 15
537 15
859 15
442 15
282 15
221 15
1105 15
487 15
344 15
617 15
707 15
545 15
236 15
735 15
533 15
256 15
205 15
269 15
305 15
630 15
391 15
241 15
572 15
240 15
674 15
187 15
676 15
613 15
295 15
807 15
449 15
199 15
898 15
731 15
524 15
662 15
345 15
393 15
212 16
307 16
400 16
463 16
517 16
405 16
413 16
211 16
526 16
369 16
222 16
523 16
505 16
570 16
714 16
541 16
297 16
279 16
350 16
349 16
548 16
261 16
712 16
273 16
378 16
816 16
1010 16
320 16
461 16
182 16
542 16
1101 16
1363 16
225 16
622 16
565 16
762 16
396 16
658 16
230 16
239 16
581 16
237 16
759 16
359 17
730 17
336 17
819 17
799 17
235 17
823 17
1226 17
726 17
477 17
233 17
999 17
175 17
392 17
864 17
573 17
512 17
478 17
577 17
220 17
677 17
379 17
380 17
546 17
915 17
209 17
635 17
366 17
434 17
231 18
202 18
309 18
252 18
767 18
270 18
1142 18
265 18
939 18
313 18
260 18
1001 18
251 18
814 18
689 18
551 18
146 18
198 18
453 18
259 18
288 18
538 18
464 18
189 18
973 18
176 19
159 19
972 19
519 19
193 19
957 19
184 19
375 19
484 19
851 19
192 19
166 19
1004 19
425 19
290 19
332 19
216 19
218 19
213 19
164 19
161 19
831 19
589 19
437 19
483 19
426 19
276 19
579 19
201 20
195 20
268 20
832 20
370 20
338 20
191 20
258 20
382 20
234 20
153 20
263 20
168 20
340 20
316 20
321 20
482 20
322 20
402 20
190 20
291 20
627 20
181 21
592 21
196 21
200 21
355 21
203 21
224 21
278 21
562 21
642 21
188 21
275 21
280 21
183 22
561 22
232 22
174 22
154 22
264 22
452 22
160 22
515 22
323 22
362 22
285 22
339 22
245 22
357 23
684 23
373 23
228 23
179 23
142 23
151 23
286 23
431 23
132 23
186 23
178 23
163 23
337 23
308 24
120 24
215 24
177 24
135 24
162 24
150 24
139 24
333 24
253 24
208 24
156 24
145 25
78 25
140 25
133 25
257 25
136 25
326 25
516 25
105 26
172 26
170 26
137 26
107 27
521 27
138 27
94 27
206 27
144 27
141 28
173 28
103 28
131 28
197 28
123 28
194 28
155 28
85 28
119 28
296 29
118 29
302 29
415 29
114 29
229 29
87 29
66 30
88 30
96 30
171 31
91 31
117 31
408 31
84 31
127 32
99 32
262 32
111 32
112 32
100 32
109 32
95 33
147 33
104 33
130 33
110 33
106 33
125 34
62 34
148 34
116 35
169 35
129 35
65 35
157 35
134 35
102 36
180 36
60 36
56 36
76 36
152 36
59 37
80 37
79 37
50 38
165 38
74 38
75 38
92 38
185 39
51 40
108 40
77 40
98 40
158 40
81 41
113 41
86 41
126 42
54 42
90 42
43 42
63 42
47 43
82 43
89 43
69 43
83 44
72 44
52 44
40 45
73 45
71 45
128 45
101 46
122 46
58 47
49 47
70 47
143 47
149 47
124 48
67 48
68 49
121 49
46 49
64 52
93 52
45 53
53 54
33 54
35 54
115 57
61 59
41 59
34 59
97 61
44 63
26 65
36 65
48 66
18 66
29 66
42 67
57 68
38 70
23 70
32 71
14 72
24 74
16 76
13 77
31 78
55 78
20 80
12 86
39 86
25 88
15 88
19 88
17 98
22 101
30 122
10 130
11 131
37 162
9 188
28 189
27 195
21 205
8 239
7 246
4 266
5 272
3 348
6 417
2 786
